3
639 178 267
-0.005886000115424395 -0.02357199974358082 0.07800000160932541 
-0.005545000080019236 -0.02244599908590317 0.07800000160932541 
-0.01468699984252453 -0.01468699984252453 0.07800000160932541 
-0.006002000067383051 -0.02474300004541874 0.07800000160932541 
-0.02050499990582466 -0.004238000139594078 0.07800000160932541 
-0.01975899934768677 -0.003328999970108271 0.07800000160932541 
-0.01920400001108646 -0.002290999982506037 0.07800000160932541 
-0.003335000015795231 -0.01975299976766109 0.07800000160932541 
-0.002297000028192997 -0.01919800043106079 0.07800000160932541 
-0.004244999960064888 -0.02049900032579899 0.07800000160932541 
-0.02141500078141689 -0.004985000006854534 0.07800000160932541 
-0.02245300076901913 -0.005539000034332275 0.07800000160932541 
-0.004991000052541494 -0.02140899933874607 0.07800000160932541 
-0.04408299922943115 -0.060674998909235 0.07800000160932541 
-0.06067600101232529 -0.04408299922943115 0.07800000160932541 
-0.02357899956405163 -0.005880999844521284 0.07800000160932541 
-0.02474899962544441 -0.005996000021696091 0.07800000160932541 
0.02890699915587902 -0.001717000035569072 0.01999799907207489 
0.02916299924254417 -0.0008730000117793679 0.01999799907207489 
0.02890699915587902 -0.001717000035569072      0 
0.02916299924254417 -0.0008730000117793679      0 
0.0339989997446537 4.999999873689376e-06      0 
0.03233499825000763 -0.01050100009888411      0 
0.02474799938499928 -0.005996000021696091 0.07800000160932541 
0.02357699908316135 -0.005880999844521284 0.07800000160932541 
0.01808100007474422 -0.01468699984252453 0.07800000160932541 
0.02245100028812885 -0.005539000034332275 0.07800000160932541 
0.005886000115424395 -0.02357199974358082 0.07800000160932541 
0.006000999826937914 -0.02474300004541874 0.07800000160932541 
0.0713300034403801 -0.02317499928176403 0.07800000160932541 
0.0259189996868372 -0.005880999844521284 0.07800000160932541 
0.005543999839574099 -0.02244599908590317 0.07800000160932541 
0.004989999812096357 -0.02140899933874607 0.07800000160932541 
0.004242999944835901 -0.02049900032579899 0.07800000160932541 
0.02141400054097176 -0.004985000006854534 0.07800000160932541 
0.02050399966537952 -0.004238000139594078 0.07800000160932541 
0.003334000008180737 -0.01975299976766109 0.07800000160932541 
0.03029300086200237 -0.002290999982506037 0.01999799907207489 
0.0713300034403801 -0.02317499928176403 0.04500000178813934 
0.07500100135803223 9.999999974752427e-07 0.04500000178813934 
0.07500100135803223 9.999999974752427e-07 0.07800000160932541 
0.0713300034403801 0.0231769997626543 0.04500000178813934 
0.03434000164270401 9.999999974752427e-07 1.999999994950485e-06 
0.02890699915587902 0.001728000002913177      0 
0.02916299924254417 0.0008839999791234732 0.01999799907207489 
0.02890699915587902 0.001728000002913177 0.01999799907207489 
0.02916299924254417 0.0008839999791234732      0 
0.03233499825000763 0.01051199994981289      0 
0.03075000084936619 4.999999873689376e-06 0.07800000160932541 
0.03063400089740753 -0.001165000023320317 0.07800000160932541 
0.03063400089740753 0.001175999990664423 0.07800000160932541 
0.0713300034403801 0.0231769997626543 0.07800000160932541 
0.03029300086200237 0.002302000066265464 0.01999799907207489 
-9.999999974752427e-07 -0.0307449996471405 0.07800000160932541 
-9.999999974752427e-07 -0.0307449996471405 0.0199970006942749 
-0.001171999960206449 -0.03062999993562698 0.07800000160932541 
0.0231769997626543 0.0713300034403801 0.07800000160932541 
9.999999974752427e-07 0.07500100135803223 0.04500000178813934 
9.999999974752427e-07 0.07500100135803223 0.07800000160932541 
-0.02317599952220917 0.0713300034403801 0.07800000160932541 
0.0231769997626543 0.0713300034403801 0.04500000178813934 
9.999999974752427e-07 0.03434000164270401 1.999999994950485e-06 
-0.02317599952220917 0.0713300034403801 0.04500000178813934 
0.02924999967217445 4.999999873689376e-06 0.01999799907207489 
0.02924999967217445 4.999999873689376e-06      0 
-0.001171999960206449 -0.03062999993562698 0.0199970006942749 
-9.999999974752427e-07 0.03075600042939186 0.07800000160932541 
-0.001171999960206449 0.03064100071787834 0.07800000160932541 
0.001169999944977462 0.03064100071787834 0.07800000160932541 
0.03063400089740753 -0.001165000023320317 0.01999799907207489 
-9.999999974752427e-07 0.03075600042939186 0.01999799907207489 
0.0231769997626543 -0.07132799923419952 0.07800000160932541 
9.999999974752427e-07 -0.07499899715185165 0.07800000160932541 
9.999999974752427e-07 -0.07499899715185165 0.04500000178813934 
-0.02317599952220917 -0.07132799923419952 0.04500000178813934 
9.999999974752427e-07 -0.03433800116181374 1.999999994950485e-06 
0.0231769997626543 -0.07132799923419952 0.04500000178813934 
-0.001171999960206449 0.03064100071787834 0.01999799907207489 
0.001169999944977462 -0.03062999993562698 0.07800000160932541 
-0.02317599952220917 -0.07132799923419952 0.07800000160932541 
0.03063400089740753 0.001175999990664423 0.01999799907207489 
0.01061199977993965 -0.03265700116753578 1.999999994950485e-06 
-0.01061099953949451 -0.03265700116753578 1.999999994950485e-06 
-9.999999974752427e-07 -0.03399499878287315 1.999999994950485e-06 
0.01050600036978722 -0.03232999891042709 1.999999994950485e-06 
0.01061199977993965 0.03265900164842606 1.999999994950485e-06 
-0.01061099953949451 0.03265900164842606 1.999999994950485e-06 
-9.999999974752427e-07 0.03400500118732452 1.999999994950485e-06 
0.01050600036978722 0.03234099969267845 1.999999994950485e-06 
-0.07499799877405167 9.999999974752427e-07 0.07800000160932541 
-0.07499799877405167 9.999999974752427e-07 0.04500000178813934 
-0.07132899761199951 -0.02317499928176403 0.04500000178813934 
-0.07132899761199951 0.0231769997626543 0.04500000178813934 
-0.03265799954533577 -0.01061000023037195 1.999999994950485e-06 
-0.03433800116181374 9.999999974752427e-07 1.999999994950485e-06 
-0.03265799954533577 0.01061199977993965 1.999999994950485e-06 
-0.07132899761199951 -0.02317499928176403 0.07800000160932541 
-0.03063499927520752 -0.001165000023320317 0.07800000160932541 
-0.07132899761199951 0.0231769997626543 0.07800000160932541 
-0.03063499927520752 0.001175999990664423 0.07800000160932541 
-0.03075099922716618 4.999999873689376e-06 0.07800000160932541 
0.02474799938499928 -0.005996000021696091 0.01999799907207489 
0.02357699908316135 -0.005880999844521284 0.01999799907207489 
0.02245100028812885 -0.005539000034332275 0.01999799907207489 
0.002296000020578504 0.019208999350667 0.01999799907207489 
0.001169999944977462 0.01886799931526184 0.07800000160932541 
0.002296000020578504 0.019208999350667 0.07800000160932541 
0.01874599978327751 4.999999873689376e-06 0.07800000160932541 
0.001169999944977462 -0.01885700039565563 0.07800000160932541 
0.02387000061571598 -0.004410000052303076 0.01999799907207489 
0.02302500046789646 -0.004153999965637922 0.01999799907207489 
0.001721999957226217 0.0205949991941452 0.01999799907207489 
0.002499999944120646 0.0210110004991293 0.01999799907207489 
0.001169999944977462 0.01886799931526184 0.01999799907207489 
-0.06067600101232529 -0.04408299922943115 0.04500000178813934 
-0.02778000012040138 -0.02018300071358681 1.999999994950485e-06 
0.02357699908316135 0.005892000161111355 0.01999799907207489 
0.02474799938499928 0.006006999872624874 0.01999799907207489 
0.02357699908316135 0.005892000161111355 0.07800000160932541 
0.02245100028812885 0.005549999885261059 0.07800000160932541 
0.006000999826937914 0.0247540008276701 0.07800000160932541 
0.04408499971032143 0.06067699939012527 0.07800000160932541 
0.005886000115424395 0.02358300052583218 0.07800000160932541 
0.02474799938499928 0.006006999872624874 0.07800000160932541 
0.002296000020578504 0.03029900044202805 0.07800000160932541 
0.002296000020578504 0.03029900044202805 0.01999799907207489 
-0.02973899990320206 -0.003328999970108271 0.07800000160932541 
0.02302500046789646 0.004164999816566706 0.01999799907207489 
0.02387000061571598 0.004420999903231859 0.01999799907207489 
0.02245100028812885 0.005549999885261059 0.01999799907207489 
0.001721999957226217 0.02891300059854984 0.01999799907207489 
0.002499999944120646 0.02849699929356575 0.01999799907207489 
0.001169999944977462 0.03064100071787834 0.01999799907207489 
-0.06067600101232529 0.04408499971032143 0.04500000178813934 
-0.03319299966096878 0.02411800064146519 0.007406999822705984 
0.02793099917471409 -0.00317799998447299      0 
0.02724899910390377 -0.003738000057637691      0 
0.02793099917471409 -0.00317799998447299 0.01999799907207489 
0.02647100016474724 -0.004153999965637922      0 
0.02724899910390377 -0.003738000057637691 0.01999799907207489 
0.002296000020578504 -0.03028799965977669 0.07800000160932541 
0.002296000020578504 -0.03028799965977669 0.0199970006942749 
-0.02899299934506416 0.004248999990522861 0.07800000160932541 
-0.02973899990320206 0.003340000053867698 0.07800000160932541 
-0.02808300033211708 0.004995999857783318 0.07800000160932541 
-0.06067600101232529 0.04408499971032143 0.07800000160932541 
0.02899199910461903 -0.004238000139594078 0.01999799907207489 
0.02647100016474724 -0.004153999965637922 0.01999799907207489 
0.02808200009167194 -0.004985000006854534 0.01999799907207489 
0.001169999944977462 -0.03062999993562698 0.0199970006942749 
-0.03400100022554398 4.999999873689376e-06 1.999999994950485e-06 
-0.03400100022554398 4.999999873689376e-06      0 
-0.0323369987308979 -0.01050100009888411      0 
-0.0323369987308979 0.01051199994981289 1.999999994950485e-06 
-0.0323369987308979 0.01051199994981289      0 
0.02793099917471409 0.003189000068232417      0 
0.02724899910390377 0.003748999908566475      0 
0.02647100016474724 0.004164999816566706      0 
0.02724899910390377 0.003748999908566475 0.01999799907207489 
0.002296000020578504 -0.01919800043106079 0.0199970006942749 
0.002296000020578504 -0.01919800043106079 0.07800000160932541 
-0.0323369987308979 -0.01050100009888411 1.999999994950485e-06 
0.02793099917471409 0.003189000068232417 0.01999799907207489 
0.02899199910461903 0.004248999990522861 0.01999799907207489 
0.02647100016474724 0.004164999816566706 0.01999799907207489 
0.02808200009167194 0.004995999857783318 0.01999799907207489 
0.002499999944120646 -0.02099999971687794 0.0199970006942749 
0.001721999957226217 -0.02058400027453899 0.0199970006942749 
0.001169999944977462 -0.01885700039565563 0.0199970006942749 
-0.03075099922716618 4.999999873689376e-06 0.01999799907207489 
-0.03063499927520752 -0.001165000023320317 0.01999799907207489 
-0.03063499927520752 0.001175999990664423 0.01999799907207489 
-0.02916399948298931 -0.0008730000117793679 0.01999799907207489 
-0.02925099991261959 4.999999873689376e-06 0.01999799907207489 
-0.02916399948298931 0.0008839999791234732 0.01999799907207489 
-0.02387100085616112 -0.004410000052303076 0.01999799907207489 
-0.02302699908614159 -0.004153999965637922 0.01999799907207489 
-0.02387100085616112 -0.004410000052303076      0 
-0.02474899962544441 -0.004495999775826931      0 
-0.02302699908614159 -0.004153999965637922      0 
-0.004160000011324883 -0.02301999926567078      0 
-0.0275069996714592 -0.01997900009155273      0 
-0.02245300076901913 -0.005539000034332275 0.01999799907207489 
-0.02357899956405163 -0.005880999844521284 0.01999799907207489 
-0.02474899962544441 -0.004495999775826931 0.01999799907207489 
-0.02474899962544441 -0.005996000021696091 0.01999799907207489 
-0.02302699908614159 0.004164999816566706 0.01999799907207489 
-0.02387100085616112 0.004420999903231859 0.01999799907207489 
-0.02387100085616112 0.004420999903231859      0 
-0.02474899962544441 0.004507000092417002 0.01999799907207489 
-0.02212899923324585 0.008193000219762325      0 
-0.02302699908614159 0.004164999816566706      0 
-0.02474899962544441 0.004507000092417002      0 
-0.02482799999415874 0.03334800153970718 0.008092000149190426 
0.03334800153970718 -0.02482799999415874 0.008092000149190426 
-0.02769600041210651 0.03227299824357033 0.009513000026345253 
-0.02245300076901913 0.005549999885261059 0.01999799907207489 
-0.02357899956405163 0.005892000161111355 0.01999799907207489 
-0.02474899962544441 0.006006999872624874 0.01999799907207489 
-0.0008789999992586672 -0.02915900014340878      0 
-0.00172299996484071 -0.02890199981629848      0 
-0.0008789999992586672 -0.02915900014340878 0.0199970006942749 
-9.999999974752427e-07 -0.02924500033259392      0 
-9.999999974752427e-07 -0.03399499878287315      0 
-0.002297000028192997 -0.03028799965977669 0.0199970006942749 
-0.00172299996484071 -0.02890199981629848 0.0199970006942749 
-9.999999974752427e-07 -0.02924500033259392 0.0199970006942749 
-0.0008789999992586672 0.029169000685215      0 
-0.0008789999992586672 0.029169000685215 0.01999799907207489 
-0.00172299996484071 0.02891300059854984      0 
-9.999999974752427e-07 0.02925599925220013      0 
-9.999999974752427e-07 0.03400500118732452      0 
-0.003183000022545457 0.02793700061738491      0 
-0.003183000022545457 0.02793700061738491 0.01999799907207489 
-0.003744000103324652 0.02725500054657459      0 
-0.002500999951735139 0.02849699929356575 0.01999799907207489 
-0.01050699967890978 0.03234099969267845      0 
-0.002500999951735139 0.02849699929356575      0 
-0.00172299996484071 0.02891300059854984 0.01999799907207489 
-9.999999974752427e-07 0.02925599925220013 0.01999799907207489 
-0.003744000103324652 0.02725500054657459 0.01999799907207489 
-0.0008789999992586672 0.02033899910748005      0 
-0.0008789999992586672 0.02033899910748005 0.01999799907207489 
-9.999999974752427e-07 0.02025200054049492      0 
-0.00172299996484071 0.0205949991941452 0.01999799907207489 
-0.00172299996484071 0.0205949991941452      0 
-0.0007009999826550484 0.01504999957978725      0 
-0.003183000022545457 0.02157099917531013      0 
-0.003744000103324652 0.02225299924612045 0.01999799907207489 
-0.003183000022545457 0.02157099917531013 0.01999799907207489 
-0.002500999951735139 0.0210110004991293 0.01999799907207489 
-0.003744000103324652 0.02225299924612045      0 
-0.002500999951735139 0.0210110004991293      0 
-9.999999974752427e-07 0.02025200054049492 0.01999799907207489 
-0.001171999960206449 0.01886799931526184 0.01999799907207489 
-9.999999974752427e-07 -0.02024099975824356 0.0199970006942749 
-0.0008789999992586672 -0.02032800018787384      0 
-9.999999974752427e-07 -0.02024099975824356      0 
0.001294999965466559 -0.01523199956864119      0 
-0.0008789999992586672 -0.02032800018787384 0.0199970006942749 
-0.00172299996484071 -0.02058400027453899 0.0199970006942749 
-0.00172299996484071 -0.02058400027453899      0 
-0.02033399976789951 -0.0008730000117793679      0 
-0.003183000022545457 -0.02156000025570393      0 
-0.003183000022545457 -0.02156000025570393 0.0199970006942749 
-0.003744000103324652 -0.02224200032651424      0 
-0.002500999951735139 -0.02099999971687794      0 
-0.02156499959528446 -0.00317799998447299      0 
-0.02100599929690361 -0.002495999913662672      0 
-0.001171999960206449 -0.01885700039565563 0.0199970006942749 
-0.003744000103324652 -0.02224200032651424 0.0199970006942749 
-0.002500999951735139 -0.02099999971687794 0.0199970006942749 
0.006000999826937914 -0.02474300004541874 0.0199970006942749 
0.005886000115424395 -0.02591400034725666 0.07800000160932541 
-0.003183000022545457 -0.02792599983513355 0.0199970006942749 
-0.003183000022545457 -0.02792599983513355      0 
-0.003744000103324652 -0.02724399976432323 0.0199970006942749 
-0.002500999951735139 -0.02848600037395954 0.0199970006942749 
-0.003744000103324652 -0.02724399976432323      0 
-0.01050699967890978 -0.03232999891042709      0 
-0.002500999951735139 -0.02848600037395954      0 
0.003183000022545457 0.02793700061738491 0.01999799907207489 
0.003183000022545457 0.02793700061738491      0 
0.002499999944120646 0.02849699929356575      0 
0.004501000046730042 -0.02474300004541874 0.0199970006942749 
0.004414999857544899 -0.02562200091779232 0.0199970006942749 
0.004414999857544899 -0.0238649994134903 0.0199970006942749 
0.005886000115424395 -0.02591400034725666 0.0199970006942749 
0.005886000115424395 -0.02357199974358082 0.0199970006942749 
0.005886000115424395 0.02592499926686287 0.01999799907207489 
0.006000999826937914 0.0247540008276701 0.01999799907207489 
0.005886000115424395 0.02358300052583218 0.01999799907207489 
0.005886000115424395 0.02592499926686287 0.07800000160932541 
0.003183000022545457 0.02157099917531013      0 
0.003183000022545457 0.02157099917531013 0.01999799907207489 
0.002499999944120646 0.0210110004991293      0 
0.004414999857544899 0.02563199959695339 0.01999799907207489 
0.004501000046730042 0.0247540008276701 0.01999799907207489 
0.004414999857544899 0.02387600019574165 0.01999799907207489 
0.02156499959528446 0.003189000068232417 0.01999799907207489 
0.02224699966609478 0.003748999908566475 0.01999799907207489 
0.02050399966537952 0.004248999990522861 0.01999799907207489 
0.02100500091910362 0.002506999997422099 0.01999799907207489 
0.02018499933183193 0.02778200060129166 1.999999994950485e-06 
0.04408499971032143 0.06067699939012527 0.04500000178813934 
0.01998399943113327 0.02751200087368488 1.999999994950485e-06 
0.02750599943101406 0.01999000087380409 1.999999994950485e-06 
0.06067699939012527 0.04408499971032143 0.04500000178813934 
0.02778200060129166 0.02018499933183193 1.999999994950485e-06 
0.003183000022545457 -0.02156000025570393      0 
0.003183000022545457 -0.02156000025570393 0.0199970006942749 
0.002499999944120646 -0.02099999971687794      0 
-0.01571100018918514 0.03006099909543991 1.999999994950485e-06 
-0.01546400040388107 0.02981499955058098 1.999999994950485e-06 
-0.01821999996900558 0.03187699988484383 0.003091000020503998 
0.02224699966609478 -0.003738000057637691 0.01999799907207489 
0.02156499959528446 -0.00317799998447299 0.01999799907207489 
0.02050399966537952 -0.004238000139594078 0.01999799907207489 
0.02100500091910362 -0.002495999913662672 0.01999799907207489 
-0.005886000115424395 -0.02591400034725666 0.0199970006942749 
-0.005886000115424395 -0.02591400034725666 0.07800000160932541 
-0.005545000080019236 -0.02703999914228916 0.0199970006942749 
-0.006002000067383051 -0.02474300004541874 0.0199970006942749 
-0.005545000080019236 -0.02703999914228916 0.07800000160932541 
0.01598400063812733 -0.02992000058293343 1.999999994950485e-06 
0.01849200017750263 -0.03173600137233734 0.003091000020503998 
0.003183000022545457 -0.02792599983513355 0.0199970006942749 
0.003183000022545457 -0.02792599983513355      0 
0.002499999944120646 -0.02848600037395954 0.0199970006942749 
0.002499999944120646 -0.02848600037395954      0 
-0.004416000097990036 -0.02562200091779232 0.0199970006942749 
-0.004416000097990036 0.02563199959695339 0.01999799907207489 
-0.004416000097990036 0.02563199959695339      0 
-0.004160000011324883 0.02647699974477291      0 
-0.004501999821513891 0.0247540008276701      0 
-0.01546400040388107 0.02981499955058098      0 
-0.005886000115424395 0.02592499926686287 0.07800000160932541 
-0.005886000115424395 0.02592499926686287 0.01999799907207489 
-0.005545000080019236 0.02705099992454052 0.01999799907207489 
-0.006002000067383051 0.0247540008276701 0.07800000160932541 
-0.005545000080019236 0.02705099992454052 0.07800000160932541 
-0.004160000011324883 0.02647699974477291 0.01999799907207489 
-0.004501999821513891 0.0247540008276701 0.01999799907207489 
-0.03173600137233734 0.01849300041794777 0.003091000020503998 
-0.006002000067383051 0.0247540008276701 0.01999799907207489 
-0.004416000097990036 -0.02562200091779232      0 
-0.004160000011324883 -0.0264660008251667 0.0199970006942749 
-0.004501999821513891 -0.02474300004541874 0.0199970006942749 
-0.004160000011324883 -0.0264660008251667      0 
-0.01998399943113327 -0.02750100009143353      0 
-0.004501999821513891 -0.02474300004541874      0 
-0.002297000028192997 -0.03028799965977669 0.07800000160932541 
-0.005886000115424395 0.02358300052583218 0.07800000160932541 
-0.005545000080019236 0.02245699986815453 0.07800000160932541 
-0.005886000115424395 0.02358300052583218 0.01999799907207489 
-0.0259189996868372 0.005892000161111355 0.07800000160932541 
-0.02357899956405163 0.005892000161111355 0.07800000160932541 
-0.02474899962544441 0.006006999872624874 0.07800000160932541 
-0.004160000011324883 0.02303100004792213 0.01999799907207489 
-0.004416000097990036 0.02387600019574165 0.01999799907207489 
-0.005545000080019236 0.02245699986815453 0.01999799907207489 
-0.004416000097990036 -0.0238649994134903 0.0199970006942749 
-0.004416000097990036 -0.0238649994134903      0 
-0.004160000011324883 -0.02301999926567078 0.0199970006942749 
-0.002297000028192997 -0.01919800043106079 0.0199970006942749 
-0.001171999960206449 -0.01885700039565563 0.07800000160932541 
-0.005886000115424395 -0.02357199974358082 0.0199970006942749 
-0.005545000080019236 -0.02244599908590317 0.0199970006942749 
-0.004416000097990036 0.02387600019574165      0 
-0.004160000011324883 0.02303100004792213      0 
-0.02899299934506416 0.004248999990522861 0.01999799907207489 
-0.01975899934768677 -0.003328999970108271 0.01999799907207489 
-0.02973899990320206 0.003340000053867698 0.01999799907207489 
-0.02808300033211708 0.004995999857783318 0.01999799907207489 
-0.02050499990582466 -0.004238000139594078 0.01999799907207489 
-0.02100599929690361 -0.002495999913662672 0.01999799907207489 
-0.01920400001108646 -0.002290999982506037 0.01999799907207489 
-0.02647100016474724 -0.004153999965637922      0 
-0.02647100016474724 -0.004153999965637922 0.01999799907207489 
-0.02562700025737286 -0.004410000052303076      0 
-0.02899299934506416 -0.004238000139594078 0.01999799907207489 
-0.02973899990320206 -0.003328999970108271 0.01999799907207489 
-0.02899299934506416 -0.004238000139594078 0.07800000160932541 
-0.02808300033211708 -0.004985000006854534 0.01999799907207489 
-0.02808300033211708 -0.004985000006854534 0.07800000160932541 
-0.01975899934768677 0.003340000053867698 0.01999799907207489 
-0.01975899934768677 0.003340000053867698 0.07800000160932541 
-0.02050499990582466 0.004248999990522861 0.07800000160932541 
-0.01920400001108646 0.002302000066265464 0.07800000160932541 
-0.00229800003580749 0.019208999350667 0.07800000160932541 
-0.003335000015795231 0.01976400054991245 0.07800000160932541 
-0.004244999960064888 0.0205099992454052 0.07800000160932541 
-0.02562700025737286 -0.004410000052303076 0.01999799907207489 
-0.02704500034451485 -0.005539000034332275 0.01999799907207489 
-0.02050499990582466 0.004248999990522861 0.01999799907207489 
-0.02100599929690361 0.002506999997422099 0.01999799907207489 
-0.01920400001108646 0.002302000066265464 0.01999799907207489 
-0.02562700025737286 0.004420999903231859      0 
-0.02647100016474724 0.004164999816566706 0.01999799907207489 
-0.02647100016474724 0.004164999816566706      0 
-0.02018200047314167 -0.02778000012040138 1.999999994950485e-06 
-0.01998399943113327 -0.02750100009143353 1.999999994950485e-06 
-0.01050699967890978 -0.03232999891042709 1.999999994950485e-06 
-0.04408299922943115 -0.060674998909235 0.04500000178813934 
-0.02562700025737286 0.004420999903231859 0.01999799907207489 
-0.02704500034451485 0.005549999885261059 0.01999799907207489 
0.02790299989283085 -0.03206700086593628 0.009513000026345253 
-0.03206700086593628 0.02790299989283085 0.009513000026345253 
-0.03019100055098534 0.03039699979126453 0.01000299956649542 
-0.04408299922943115 0.06067699939012527 0.04500000178813934 
0.03039699979126453 -0.03019100055098534 0.01000299956649542 
-0.02024799957871437 4.999999873689376e-06 0.01999799907207489 
-0.02024799957871437 4.999999873689376e-06      0 
-0.02033399976789951 -0.0008730000117793679 0.01999799907207489 
-0.02033399976789951 0.0008839999791234732 0.01999799907207489 
-0.02033399976789951 0.0008839999791234732      0 
-0.003335000015795231 0.02974399924278259 0.01999799907207489 
-0.00229800003580749 0.03029900044202805 0.07800000160932541 
-0.003335000015795231 0.02974399924278259 0.07800000160932541 
-0.004244999960064888 0.02899800054728985 0.07800000160932541 
-0.04408299922943115 0.06067699939012527 0.07800000160932541 
-0.01874800026416779 4.999999873689376e-06 0.01999799907207489 
-0.00229800003580749 0.03029900044202805 0.01999799907207489 
-0.004244999960064888 0.02899800054728985 0.01999799907207489 
-0.02224699966609478 -0.003738000057637691      0 
-0.003335000015795231 -0.02973400056362152 0.07800000160932541 
-0.003335000015795231 -0.02973400056362152 0.0199970006942749 
-0.004244999960064888 -0.02898699976503849 0.0199970006942749 
-0.004244999960064888 -0.02898699976503849 0.07800000160932541 
0.0339989997446537 4.999999873689376e-06 1.999999994950485e-06 
0.03233499825000763 -0.01050100009888411 1.999999994950485e-06 
-0.003335000015795231 -0.01975299976766109 0.0199970006942749 
-0.004244999960064888 -0.02049900032579899 0.0199970006942749 
0.03233499825000763 0.01051199994981289 1.999999994950485e-06 
-0.00229800003580749 0.019208999350667 0.01999799907207489 
-0.003335000015795231 0.01976400054991245 0.01999799907207489 
-0.004244999960064888 0.0205099992454052 0.01999799907207489 
0.04408499971032143 -0.060674998909235 0.04500000178813934 
0.02167299948632717 -0.03290899842977524 0.005878999829292297 
0.02411800064146519 -0.03319299966096878 0.007406999822705984 
0.04408499971032143 -0.060674998909235 0.07800000160932541 
0.003334000008180737 -0.02973400056362152 0.07800000160932541 
0.01998399943113327 0.02751200087368488      0 
0.01050600036978722 0.03234099969267845      0 
0.004501000046730042 0.0247540008276701      0 
0.004414999857544899 0.02563199959695339      0 
0.004414999857544899 0.02387600019574165      0 
0.02750599943101406 0.01999000087380409      0 
0.003334000008180737 0.02974399924278259 0.07800000160932541 
-0.021399000659585 0.03304800018668175 0.005878999829292297 
-0.02425000071525574 0.03338100016117096 0.007660999894142151 
0.03304800018668175 -0.02140000090003014 0.005878999829292297 
0.03187600150704384 -0.01821899972856045 0.003091000020503998 
-0.02141500078141689 -0.004985000006854534 0.01999799907207489 
-0.0259189996868372 -0.005880999844521284 0.01999799907207489 
-0.02704500034451485 -0.005539000034332275 0.07800000160932541 
-0.0259189996868372 -0.005880999844521284 0.07800000160932541 
0.0259189996868372 -0.005880999844521284 0.01999799907207489 
-0.02224699966609478 -0.003738000057637691 0.01999799907207489 
-0.02141500078141689 0.004995999857783318 0.07800000160932541 
-0.02141500078141689 0.004995999857783318 0.01999799907207489 
-0.004991000052541494 0.02142000012099743 0.07800000160932541 
-0.02245300076901913 0.005549999885261059 0.07800000160932541 
-0.0259189996868372 0.005892000161111355 0.01999799907207489 
-0.02704500034451485 0.005549999885261059 0.07800000160932541 
0.0259189996868372 0.005892000161111355 0.01999799907207489 
0.0259189996868372 0.005892000161111355 0.07800000160932541 
-0.02224699966609478 0.003748999908566475 0.01999799907207489 
-0.004991000052541494 0.02808899991214275 0.01999799907207489 
-0.004991000052541494 0.02808899991214275 0.07800000160932541 
-0.004991000052541494 -0.0280779991298914 0.0199970006942749 
-0.004991000052541494 -0.0280779991298914 0.07800000160932541 
-0.004991000052541494 -0.02140899933874607 0.0199970006942749 
-0.02156499959528446 -0.00317799998447299 0.01999799907207489 
-0.004991000052541494 0.02142000012099743 0.01999799907207489 
-0.02224699966609478 0.003748999908566475      0 
-0.02156499959528446 0.003189000068232417 0.01999799907207489 
-0.02156499959528446 0.003189000068232417      0 
-0.01874800026416779 4.999999873689376e-06 0.07800000160932541 
-0.01886199973523617 -0.001165000023320317 0.07800000160932541 
-0.01886199973523617 -0.001165000023320317 0.01999799907207489 
0.03338100016117096 -0.02425099909305573 0.007660999894142151 
0.02973799966275692 0.003340000053867698 0.01999799907207489 
0.02899199910461903 0.004248999990522861 0.07800000160932541 
0.02808200009167194 0.004995999857783318 0.07800000160932541 
0.02973799966275692 0.003340000053867698 0.07800000160932541 
0.06067699939012527 0.04408499971032143 0.07800000160932541 
-0.01886199973523617 0.001175999990664423 0.07800000160932541 
-0.01886199973523617 0.001175999990664423 0.01999799907207489 
0.02899199910461903 -0.004238000139594078 0.07800000160932541 
0.02973799966275692 -0.003328999970108271 0.07800000160932541 
0.02808200009167194 -0.004985000006854534 0.07800000160932541 
0.02302500046789646 -0.004153999965637922      0 
0.02224699966609478 -0.003738000057637691      0 
0.02980899997055531 -0.0154600003734231      0 
0.02387000061571598 -0.004410000052303076      0 
0.02973799966275692 -0.003328999970108271 0.01999799907207489 
0.02141400054097176 -0.004985000006854534 0.01999799907207489 
0.02224699966609478 0.003748999908566475      0 
0.02302500046789646 0.004164999816566706      0 
0.004157999996095896 0.02303100004792213      0 
0.02387000061571598 0.004420999903231859      0 
0.02141400054097176 0.004995999857783318 0.01999799907207489 
-0.03314099833369255 0.02503499947488308 0.008092000149190426 
-0.03290800005197525 0.02167299948632717 0.005878999829292297 
0.03227299824357033 -0.02769600041210651 0.009513000026345253 
0.06067699939012527 -0.04408299922943115 0.04500000178813934 
0.02980899997055531 -0.0154600003734231 1.999999994950485e-06 
0.02156499959528446 -0.00317799998447299      0 
0.02474799938499928 -0.004495999775826931      0 
0.02562600001692772 -0.004410000052303076      0 
0.03006000071763992 -0.01571200042963028 1.999999994950485e-06 
0.03265900164842606 -0.01061000023037195 1.999999994950485e-06 
0.03029300086200237 0.002302000066265464 0.07800000160932541 
0.03029300086200237 -0.002290999982506037 0.07800000160932541 
-0.001171999960206449 0.01886799931526184 0.07800000160932541 
0.02100500091910362 -0.002495999913662672      0 
0.02156499959528446 0.003189000068232417      0 
0.02100500091910362 0.002506999997422099      0 
0.004414999857544899 -0.02562200091779232      0 
0.004157999996095896 -0.0264660008251667      0 
0.004157999996095896 -0.0264660008251667 0.0199970006942749 
0.003742000088095665 -0.02724399976432323 0.0199970006942749 
0.003742000088095665 -0.02724399976432323      0 
0.01050600036978722 -0.03232999891042709      0 
0.01573099941015244 -0.02966799959540367      0 
0.005543999839574099 -0.02703999914228916 0.0199970006942749 
0.004989999812096357 -0.0280779991298914 0.0199970006942749 
0.004157999996095896 0.02647699974477291      0 
0.004157999996095896 0.02647699974477291 0.01999799907207489 
0.003742000088095665 0.02725500054657459 0.01999799907207489 
0.003742000088095665 0.02725500054657459      0 
0.005543999839574099 0.02705099992454052 0.01999799907207489 
0.004989999812096357 0.02808899991214275 0.01999799907207489 
0.004157999996095896 0.02303100004792213 0.01999799907207489 
0.003742000088095665 0.02225299924612045 0.01999799907207489 
0.003742000088095665 0.02225299924612045      0 
0.005543999839574099 0.02245699986815453 0.01999799907207489 
0.004989999812096357 0.02142000012099743 0.01999799907207489 
0.004414999857544899 -0.0238649994134903      0 
0.004157999996095896 -0.02301999926567078      0 
0.004157999996095896 -0.02301999926567078 0.0199970006942749 
0.003742000088095665 -0.02224200032651424      0 
0.005543999839574099 -0.02244599908590317 0.0199970006942749 
0.003742000088095665 -0.02224200032651424 0.0199970006942749 
0.004989999812096357 -0.02140899933874607 0.0199970006942749 
-0.01050699967890978 0.03234099969267845 1.999999994950485e-06 
-0.0275069996714592 -0.01997900009155273 1.999999994950485e-06 
0.0008779999916441739 -0.02915900014340878      0 
0.0008779999916441739 -0.02915900014340878 0.0199970006942749 
0.001721999957226217 -0.02890199981629848      0 
0.001721999957226217 -0.02890199981629848 0.0199970006942749 
0.0008779999916441739 0.029169000685215 0.01999799907207489 
0.0008779999916441739 0.029169000685215      0 
0.001721999957226217 0.02891300059854984      0 
0.02033299952745438 -0.0008730000117793679      0 
0.02033299952745438 -0.0008730000117793679 0.01999799907207489 
0.02058899961411953 -0.001717000035569072      0 
0.0008779999916441739 0.02033899910748005      0 
0.0008779999916441739 0.02033899910748005 0.01999799907207489 
0.001721999957226217 0.0205949991941452      0 
0.02058899961411953 -0.001717000035569072 0.01999799907207489 
0.02033299952745438 0.0008839999791234732 0.01999799907207489 
0.02033299952745438 0.0008839999791234732      0 
0.02058899961411953 0.001728000002913177      0 
0.0008779999916441739 -0.02032800018787384      0 
0.0008779999916441739 -0.02032800018787384 0.0199970006942749 
0.001721999957226217 -0.02058400027453899      0 
0.02058899961411953 0.001728000002913177 0.01999799907207489 
0.06067699939012527 -0.04408299922943115 0.07800000160932541 
0.02474799938499928 -0.004495999775826931 0.01999799907207489 
0.02474799938499928 0.004507000092417002      0 
0.02474799938499928 0.004507000092417002 0.01999799907207489 
0.03075000084936619 4.999999873689376e-06 0.01999799907207489 
-0.02724999934434891 -0.003738000057637691      0 
-0.02724999934434891 -0.003738000057637691 0.01999799907207489 
-0.02793299965560436 -0.00317799998447299 0.01999799907207489 
-0.02793299965560436 -0.00317799998447299      0 
-0.02724999934434891 0.003748999908566475      0 
-0.02724999934434891 0.003748999908566475 0.01999799907207489 
-0.02793299965560436 0.003189000068232417 0.01999799907207489 
-0.02793299965560436 0.003189000068232417      0 
-0.02058999985456467 -0.001717000035569072      0 
0.004501000046730042 -0.02474300004541874      0 
-0.02991900034248829 0.01598500087857246 1.999999994950485e-06 
-0.02967399917542934 0.01573799923062325 1.999999994950485e-06 
0.0202459990978241 4.999999873689376e-06 0.01999799907207489 
0.0202459990978241 4.999999873689376e-06      0 
0.01886199973523617 -0.001165000023320317 0.01999799907207489 
0.01874599978327751 4.999999873689376e-06 0.01999799907207489 
0.01886199973523617 0.001175999990664423 0.01999799907207489 
-0.02967399917542934 0.01573799923062325      0 
0.01886199973523617 -0.001165000023320317 0.07800000160932541 
0.01920299977064133 -0.002290999982506037 0.07800000160932541 
0.01920299977064133 -0.002290999982506037 0.01999799907207489 
0.01886199973523617 0.001175999990664423 0.07800000160932541 
0.01920299977064133 0.002302000066265464 0.01999799907207489 
0.01920299977064133 0.002302000066265464 0.07800000160932541 
0.005543999839574099 0.02705099992454052 0.07800000160932541 
0.004989999812096357 0.02808899991214275 0.07800000160932541 
0.004242999944835901 0.02899800054728985 0.07800000160932541 
0.02503399923443794 -0.03314099833369255 0.008092000149190426 
0.004242999944835901 0.02899800054728985 0.01999799907207489 
0.005543999839574099 -0.02703999914228916 0.07800000160932541 
0.004989999812096357 -0.0280779991298914 0.07800000160932541 
0.004242999944835901 -0.02898699976503849 0.0199970006942749 
0.004242999944835901 -0.02898699976503849 0.07800000160932541 
0.02704500034451485 0.005549999885261059 0.07800000160932541 
0.02704500034451485 0.005549999885261059 0.01999799907207489 
0.004242999944835901 -0.02049900032579899 0.0199970006942749 
0.005543999839574099 0.02245699986815453 0.07800000160932541 
0.004989999812096357 0.02142000012099743 0.07800000160932541 
0.004242999944835901 0.0205099992454052 0.01999799907207489 
0.02141400054097176 0.004995999857783318 0.07800000160932541 
0.02050399966537952 0.004248999990522861 0.07800000160932541 
0.004242999944835901 0.0205099992454052 0.07800000160932541 
0.02704500034451485 -0.005539000034332275 0.07800000160932541 
0.02704500034451485 -0.005539000034332275 0.01999799907207489 
0.003334000008180737 0.02974399924278259 0.01999799907207489 
0.003334000008180737 -0.02973400056362152 0.0199970006942749 
0.003334000008180737 -0.01975299976766109 0.0199970006942749 
0.01975799910724163 -0.003328999970108271 0.07800000160932541 
0.003334000008180737 0.01976400054991245 0.07800000160932541 
0.003334000008180737 0.01976400054991245 0.01999799907207489 
0.01975799910724163 0.003340000053867698 0.07800000160932541 
0.03265900164842606 0.01061199977993965 1.999999994950485e-06 
0.01975799910724163 -0.003328999970108271 0.01999799907207489 
-0.02058999985456467 -0.001717000035569072 0.01999799907207489 
0.01975799910724163 0.003340000053867698 0.01999799907207489 
-0.02058999985456467 0.001728000002913177      0 
-0.02058999985456467 0.001728000002913177 0.01999799907207489 
0.02562600001692772 0.004420999903231859      0 
-0.02100599929690361 0.002506999997422099      0 
0.01573099941015244 -0.02966799959540367 1.999999994950485e-06 
-0.02849300019443035 -0.002495999913662672 0.01999799907207489 
-0.02849300019443035 -0.002495999913662672      0 
-0.02849300019443035 0.002506999997422099 0.01999799907207489 
-0.02849300019443035 0.002506999997422099      0 
0.02562600001692772 -0.004410000052303076 0.01999799907207489 
0.02562600001692772 0.004420999903231859 0.01999799907207489 
-0.02916399948298931 -0.0008730000117793679      0 
-0.02925099991261959 4.999999873689376e-06      0 
-0.02890799939632416 -0.001717000035569072 0.01999799907207489 
-0.02890799939632416 -0.001717000035569072      0 
-0.03029399923980236 -0.002290999982506037 0.01999799907207489 
-0.02916399948298931 0.0008839999791234732      0 
-0.02890799939632416 0.001728000002913177      0 
-0.03029399923980236 0.002302000066265464 0.01999799907207489 
-0.02890799939632416 0.001728000002913177 0.01999799907207489 
0.02849099971354008 0.002506999997422099      0 
0.02849099971354008 0.002506999997422099 0.01999799907207489 
0.02849099971354008 -0.002495999913662672      0 
0.02849099971354008 -0.002495999913662672 0.01999799907207489 
-9.999999974752427e-07 -0.01874100044369698 0.0199970006942749 
-9.999999974752427e-07 -0.01874100044369698 0.07800000160932541 
-9.999999974752427e-07 0.01875199936330318 0.01999799907207489 
-9.999999974752427e-07 0.01875199936330318 0.07800000160932541 
-0.03029399923980236 0.002302000066265464 0.07800000160932541 
-0.03029399923980236 -0.002290999982506037 0.07800000160932541 
3 42 38 39 
3 92 94 95 
3 41 42 39 
3 94 151 95 
3 60 283 284 
3 61 60 57 
3 94 90 91 
3 92 90 94 
3 288 41 287 
3 93 151 94 
3 114 93 91 
3 93 94 91 
3 422 283 423 
3 85 61 423 
3 61 85 60 
3 283 85 423 
3 85 283 60 
3 62 61 57 
3 61 62 86 
3 86 62 294 
3 62 389 294 
3 133 92 95 
3 134 133 95 
3 389 430 294 
3 47 288 427 
3 47 21 42 
3 151 154 95 
3 154 571 95 
3 292 86 294 
3 430 292 294 
3 216 61 86 
3 292 216 86 
3 323 134 95 
3 115 93 114 
3 115 114 383 
3 115 383 380 
3 504 203 81 
3 430 193 134 
3 193 430 389 
3 288 605 41 
3 47 605 288 
3 41 605 42 
3 605 47 42 
3 292 564 571 
3 323 564 134 
3 564 430 134 
3 564 292 430 
3 571 564 95 
3 564 323 95 
3 61 211 423 
3 216 211 61 
3 315 292 571 
3 315 216 292 
3 329 181 380 
3 181 115 380 
3 75 74 73 
3 203 75 81 
3 75 73 76 
3 81 75 76 
3 133 387 389 
3 387 193 389 
3 93 152 151 
3 115 152 93 
3 181 152 115 
3 474 304 491 
3 461 486 38 
3 491 461 38 
3 304 461 491 
3 461 304 419 
3 75 82 74 
3 74 82 383 
3 383 82 380 
3 82 75 203 
3 82 329 380 
3 417 418 76 
3 419 418 417 
3 304 418 419 
3 418 81 76 
3 418 304 81 
3 483 133 134 
3 483 387 133 
3 193 483 134 
3 387 483 193 
3 492 474 491 
3 492 38 42 
3 492 491 38 
3 505 304 474 
3 505 504 81 
3 304 505 81 
3 386 417 486 
3 461 386 486 
3 386 419 417 
3 386 461 419 
3 82 259 329 
3 259 82 203 
3 492 22 474 
3 21 22 42 
3 22 492 42 
3 38 40 39 
3 40 38 29 
3 40 41 39 
3 41 40 51 
3 284 466 121 
3 287 466 284 
3 466 41 51 
3 41 466 287 
3 114 96 14 
3 96 114 91 
3 56 284 121 
3 56 60 284 
3 56 58 57 
3 60 56 57 
3 96 90 89 
3 90 96 91 
3 90 98 89 
3 98 90 92 
3 288 287 284 
3 283 288 284 
3 13 114 14 
3 114 13 383 
3 38 486 29 
3 486 549 29 
3 71 98 145 
3 400 71 145 
3 58 71 59 
3 96 71 14 
3 71 549 420 
3 56 71 58 
3 40 71 51 
3 71 466 51 
3 13 71 79 
3 71 400 59 
3 71 40 29 
3 466 71 121 
3 71 96 89 
3 79 71 72 
3 549 71 29 
3 71 56 121 
3 98 71 89 
3 71 13 14 
3 71 73 72 
3 73 71 76 
3 422 288 283 
3 288 422 427 
3 62 58 59 
3 58 62 57 
3 400 62 59 
3 389 62 400 
3 98 133 145 
3 133 98 92 
3 133 400 145 
3 133 389 400 
3 417 71 420 
3 71 417 76 
3 549 417 420 
3 486 417 549 
3 74 13 79 
3 13 74 383 
3 74 79 72 
3 73 74 72 
3 315 22 216 
3 47 22 21 
3 422 22 427 
3 22 152 181 
3 154 22 571 
3 22 211 216 
3 22 422 423 
3 22 47 427 
3 22 154 151 
3 22 203 504 
3 22 505 474 
3 211 22 423 
3 22 315 571 
3 22 181 329 
3 152 22 151 
3 22 259 203 
3 505 22 504 
3 259 22 329 
Vertices and facets:
- p38(v14): 0.071 -0.023 0.045
  neighbors: f40 f382 f383 f406 f407 f424 f425 f467
- p42(v8): 0.034 1e-06 2e-06
  neighbors: f40 f121 f270 f326 f327 f406 f421 f422
- p39(v1): 0.075 1e-06 0.045
  neighbors: f40 f121 f424 f428
- p92(v29): -0.071 0.023 0.045
  neighbors: f112 f185 f262 f457 f508
- p94(v23): -0.034 1e-06 2e-06
  neighbors: f112 f143 f184 f185 f217 f220
- p95(v7): -0.033 0.011 2e-06
  neighbors: f112 f143 f262 f263 f274 f275 f286 f332 f333
- p41(v31): 0.071 0.023 0.045
  neighbors: f121 f202 f324 f326 f428 f429 f435 f437
- p151(v37): -0.034 5e-06     0
  neighbors: f143 f217 f274 f369 f539 f545
- p283(v42):  0.02 0.028 2e-06
  neighbors: f168 f247 f251 f252 f460 f495
- p60(v28): 0.023 0.071 0.045
  neighbors: f168 f174 f250 f252 f445 f449
- p284(v10): 0.044 0.061 0.045
  neighbors: f168 f432 f433 f443 f445 f459 f460
- p61(v43): 1e-06 0.034 2e-06
  neighbors: f174 f249 f250 f255 f256 f283 f335 f336
- p57(v2): 1e-06 0.075 0.045
  neighbors: f174 f255 f448 f449 f500
- p90(v46): -0.075 1e-06 0.045
  neighbors: f184 f185 f451 f452 f455 f457
- p91(v12): -0.071 -0.023 0.045
  neighbors: f184 f219 f220 f440 f452
- p288(v50): 0.028  0.02 2e-06
  neighbors: f202 f269 f324 f325 f459 f460 f495 f497
- p287(v19): 0.061 0.044 0.045
  neighbors: f202 f433 f437 f459
- p93(v53): -0.033 -0.011 2e-06
  neighbors: f217 f219 f220 f290 f369 f370
- p114(v35): -0.061 -0.044 0.045
  neighbors: f219 f290 f293 f439 f440 f463 f465
- p422(v59):  0.02 0.028     0
  neighbors: f247 f495 f497 f533 f537
- p423(v16): 0.011 0.032     0
  neighbors: f247 f249 f251 f335 f537 f542
- p85(v60): 0.011 0.033 2e-06
  neighbors: f249 f250 f251 f252
- p62(v61): -0.023 0.071 0.045
  neighbors: f255 f256 f257 f258 f499 f500 f503 f505
- p86(v27): -0.011 0.033 2e-06
  neighbors: f256 f257 f276 f283 f284
- p294(v15): -0.018 0.032 0.0031
  neighbors: f257 f258 f264 f276 f278
- p389(v48): -0.044 0.061 0.045
  neighbors: f258 f264 f321 f364 f365 f505 f512
- p133(v62): -0.061 0.044 0.045
  neighbors: f262 f263 f364 f399 f400 f507 f508 f511 f512
- p134(v47): -0.033 0.024 0.0074
  neighbors: f263 f286 f320 f329 f330 f399 f401
- p430(v63): -0.024 0.033 0.0077
  neighbors: f264 f278 f320 f321 f330 f331
- p47(v64): 0.032 0.011     0
  neighbors: f269 f270 f325 f327 f532 f538
- p427(v26): 0.028  0.02     0
  neighbors: f269 f497 f533 f538
- p21(v41): 0.034 5e-06     0
  neighbors: f270 f421 f532
- p154(v65): -0.032 0.011     0
  neighbors: f274 f275 f535 f539
- p571(v52): -0.03 0.016     0
  neighbors: f275 f328 f332 f338 f535 f543
- p292(v66): -0.016  0.03 2e-06
  neighbors: f276 f278 f284 f328 f331 f338 f339
- p216(v67): -0.011 0.032     0
  neighbors: f283 f284 f336 f339 f531 f536
- p323(v68): -0.032 0.018 0.0031
  neighbors: f286 f329 f333
- p115(v69): -0.028 -0.02 2e-06
  neighbors: f290 f293 f294 f341 f370 f371
- p383(v22): -0.044 -0.061 0.045
  neighbors: f293 f294 f389 f390 f465 f524
- p380(v13): -0.02 -0.028 2e-06
  neighbors: f294 f340 f341 f390 f393
- p203(v73): -1e-06 -0.034     0
  neighbors: f312 f353 f391 f418 f540 f546
- p504(v72): 0.011 -0.032     0
  neighbors: f312 f410 f540 f547
- p81(v58): 0.011 -0.033 2e-06
  neighbors: f312 f353 f357 f397 f398 f410 f411
- p193(v75): -0.025 0.033 0.0081
  neighbors: f320 f321 f365 f401 f402
- p605(v76): 0.033 0.011 2e-06
  neighbors: f324 f325 f326 f327
- p564(v77): -0.03 0.016 2e-06
  neighbors: f328 f329 f330 f331 f332 f333
- p211(v78): -1e-06 0.034     0
  neighbors: f335 f336 f536 f542
- p315(v79): -0.015  0.03     0
  neighbors: f338 f339 f531 f543
- p181(v80): -0.028 -0.02     0
  neighbors: f340 f341 f371 f534 f544
- p329(v54): -0.02 -0.028     0
  neighbors: f340 f393 f417 f544 f548
- p75(v82): 1e-06 -0.034 2e-06
  neighbors: f352 f353 f356 f357 f388 f391
- p74(v71): -0.023 -0.071 0.045
  neighbors: f352 f388 f389 f523 f524 f527 f528
- p73(v57): 1e-06 -0.075 0.045
  neighbors: f352 f356 f491 f492 f528
- p76(v39): 0.023 -0.071 0.045
  neighbors: f356 f357 f394 f397 f492 f516
- p387(v84): -0.032 0.028 0.0095
  neighbors: f364 f365 f400 f402
- p152(v85): -0.032 -0.011     0
  neighbors: f369 f370 f371 f534 f545
- p304(v87): 0.016 -0.03 2e-06
  neighbors: f379 f386 f387 f396 f398 f409 f411
- p474(v86):  0.03 -0.015     0
  neighbors: f379 f405 f409 f420 f541
- p491(v81):  0.03 -0.016 2e-06
  neighbors: f379 f383 f386 f405 f407
- p461(v88): 0.033 -0.024 0.0077
  neighbors: f382 f383 f386 f387 f413 f415
- p486(v55): 0.061 -0.044 0.045
  neighbors: f382 f412 f413 f467 f468 f520
- p419(v83): 0.024 -0.033 0.0074
  neighbors: f387 f395 f396 f414 f415
- p82(v89): -0.011 -0.033 2e-06
  neighbors: f388 f389 f390 f391 f393 f417 f418
- p418(v90): 0.022 -0.033 0.0059
  neighbors: f394 f395 f396 f397 f398
- p417(v70): 0.044 -0.061 0.045
  neighbors: f394 f395 f412 f414 f515 f516 f519 f520
- p483(v91): -0.033 0.025 0.0081
  neighbors: f399 f400 f401 f402
- p492(v92): 0.033 -0.011 2e-06
  neighbors: f405 f406 f407 f420 f422
- p505(v93): 0.016 -0.03     0
  neighbors: f409 f410 f411 f541 f547
- p386(v94): 0.028 -0.032 0.0095
  neighbors: f412 f413 f414 f415
- p259(v95): -0.011 -0.032     0
  neighbors: f417 f418 f546 f548
- p22(v96): 0.032 -0.011     0
  neighbors: f420 f421 f422 f531 f532 f533 f534 f535 f536 f537 f538 f539 f540 f541 f542 f543 f544 f545 f546 f547 f548
- p40(v32): 0.075 1e-06 0.078
  neighbors: f424 f425 f428 f429 f477 f481
- p29(v11): 0.071 -0.023 0.078
  neighbors: f425 f467 f468 f481 f485
- p51(v20): 0.071 0.023 0.078
  neighbors: f429 f435 f477 f478
- p466(v33): 0.061 0.044 0.078
  neighbors: f432 f433 f435 f437 f478 f482
- p121(v6): 0.044 0.061 0.078
  neighbors: f432 f443 f482 f486
- p96(v34): -0.071 -0.023 0.078
  neighbors: f439 f440 f451 f452 f474 f483
- p14(v21): -0.061 -0.044 0.078
  neighbors: f439 f463 f474 f488
- p56(v44): 0.023 0.071 0.078
  neighbors: f443 f445 f448 f449 f476 f486
- p58(v17): 1e-06 0.075 0.078
  neighbors: f448 f473 f476 f499 f500
- p89(v0): -0.075 1e-06 0.078
  neighbors: f451 f455 f483 f487
- p98(v45): -0.071 0.023 0.078
  neighbors: f455 f457 f471 f487 f507 f508
- p13(v51): -0.044 -0.061 0.078
  neighbors: f463 f465 f479 f488 f523 f524
- p549(v38): 0.061 -0.044 0.078
  neighbors: f468 f475 f485 f519 f520
- p71(v56): 0.023 -0.071 0.078
  neighbors: f471 f472 f473 f474 f475 f476 f477 f478 f479 f480 f481 f482 f483 f484 f485 f486 f487 f488 f491 f492 f515 f516
- p145(v18): -0.061 0.044 0.078
  neighbors: f471 f472 f507 f511
- p400(v30): -0.044 0.061 0.078
  neighbors: f472 f480 f503 f505 f511 f512
- p59(v9): -0.023 0.071 0.078
  neighbors: f473 f480 f499 f503
- p420(v24): 0.044 -0.061 0.078
  neighbors: f475 f515 f519
- p79(v36): -0.023 -0.071 0.078
  neighbors: f479 f484 f523 f527
- p72(v5): 1e-06 -0.075 0.078
  neighbors: f484 f491 f527 f528
- f40
    - flags: bottom simplicial tested seen
    - normal:    0.7369  -0.1167  -0.6659
    - offset: -0.02530324
    - center: 0.06022366881370544 -0.007724333093923026 0.03000066785875788 
    - vertices: p38(v14) p42(v8) p39(v1)
    - neighboring facets: f121 f424 f406
    - ridges:
- f112
    - flags: top simplicial tested
    - normal:   -0.7369   0.1167  -0.6659
    - offset: -0.02530232
    - center: -0.04610833277304967 0.01126333318086381 0.01500133392937642 
    - vertices: p92(v29) p94(v23) p95(v7)
    - neighboring facets: f143 f262 f185
- f121
    - flags: top simplicial seen
    - normal:    0.7369   0.1167  -0.6659
    - offset: -0.02530347
    - center: 0.06022366881370544 0.007726333254216418 0.03000066785875788 
    - vertices: p41(v31) p42(v8) p39(v1)
    - neighboring facets: f40 f428 f326
    - ridges:
- f143
    - flags: bottom simplicial tested
    - normal:  -0.005946 0.0009414       -1
    - offset: -0.0002021668
    - center: -0.03366566697756449 0.003539333259936939 1.333333329966983e-06 
    - vertices: p151(v37) p94(v23) p95(v7)
    - neighboring facets: f112 f274 f217
- f168
    - flags: bottom simplicial tested seen
    - normal:    0.3387   0.6648  -0.6659
    - offset: -0.02530386
    - center: 0.02914899960160256 0.05326300114393235 0.03000066785875788 
    - vertices: p283(v42) p60(v28) p284(v10)
    - neighboring facets: f445 f460 f252
    - ridges:
- f174
    - flags: top simplicial seen
    - normal:    0.1167   0.7369  -0.6659
    - offset: -0.02530347
    - center: 0.007726333254216418 0.06022366881370544 0.03000066785875788 
    - vertices: p61(v43) p60(v28) p57(v2)
    - neighboring facets: f449 f255 f250
    - ridges:
- f184
    - flags: bottom simplicial tested seen
    - normal:   -0.7369  -0.1167  -0.6659
    - offset: -0.02530223
    - center: -0.06022166584928831 -0.007724333093923026 0.03000066785875788 
    - vertices: p90(v46) p94(v23) p91(v12)
    - neighboring facets: f220 f452 f185
    - ridges:
- f185
    - flags: bottom simplicial tested seen
    - normal:   -0.7369   0.1167  -0.6659
    - offset: -0.02530246
    - center: -0.06022166584928831 0.007726333254216418 0.03000066785875788 
    - vertices: p90(v46) p92(v29) p94(v23)
    - neighboring facets: f112 f184 f457
    - ridges:
- f202
    - flags: top simplicial tested seen
    - normal:    0.6648   0.3387  -0.6659
    - offset: -0.02530386
    - center: 0.05326300114393235 0.02914899960160256 0.03000066785875788 
    - vertices: p288(v50) p41(v31) p287(v19)
    - neighboring facets: f437 f459 f324
    - ridges:
- f217
    - flags: top simplicial tested
    - normal:  -0.005923 -0.0009378       -1
    - offset: -0.000201399
    - center: -0.03366566697756449 -0.003534666743500262 1.333333329966996e-06 
    - vertices: p93(v53) p151(v37) p94(v23)
    - neighboring facets: f143 f220 f369
- f219
    - flags: bottom simplicial tested seen
    - normal:   -0.6648  -0.3387  -0.6659
    - offset: -0.02530195
    - center: -0.05488766605655352 -0.02595599958052238 0.03000066785875788 
    - vertices: p93(v53) p114(v35) p91(v12)
    - neighboring facets: f440 f220 f290
    - ridges:
- f220
    - flags: top simplicial tested
    - normal:   -0.7369  -0.1167  -0.6659
    - offset: -0.02530209
    - center: -0.04610833277304967 -0.01126133317071284 0.01500133392937641 
    - vertices: p93(v53) p94(v23) p91(v12)
    - neighboring facets: f184 f219 f217
- f247
    - flags: top simplicial tested seen
    - normal:  0.002736  0.00537       -1
    - offset: -0.0002024288
    - center: 0.01689166637758414 0.029211667055885 6.666666649834872e-07 
    - vertices: p422(v59) p283(v42) p423(v16)
    - neighboring facets: f251 f537 f495
    - ridges:
- f249
    - flags: top simplicial
    - normal:  0.0009464 0.005974       -1
    - offset: -0.000203138
    - center: 0.007039666716574781 0.03311333432793617 1.333333329966973e-06 
    - vertices: p85(v60) p61(v43) p423(v16)
    - neighboring facets: f335 f251 f250
- f250
    - flags: bottom simplicial
    - normal:    0.1167   0.7369  -0.6659
    - offset: -0.02530326
    - vertices: p85(v60) p61(v43) p60(v28)
    - neighboring facets: f174 f252 f249
- f251
    - flags: bottom simplicial
    - normal:  0.002739 0.005376       -1
    - offset: -0.0002026465
    - vertices: p85(v60) p283(v42) p423(v16)
    - neighboring facets: f247 f249 f252
- f252
    - flags: top simplicial
    - normal:    0.3387   0.6648  -0.6659
    - offset: -0.02530341
    - vertices: p85(v60) p283(v42) p60(v28)
    - neighboring facets: f168 f250 f251
- f255
    - flags: top simplicial tested seen
    - normal:   -0.1167   0.7369  -0.6659
    - offset: -0.02530325
    - center: -0.007724666507404739 0.06022366881370544 0.03000066785875788 
    - vertices: p62(v61) p61(v43) p57(v2)
    - neighboring facets: f174 f500 f256
    - ridges:
- f256
    - flags: bottom simplicial tested
    - normal:   -0.1167   0.7369  -0.6659
    - offset: -0.02530311
    - center: -0.0112619996872354 0.04610966891050338 0.01500133392937642 
    - vertices: p62(v61) p61(v43) p86(v27)
    - neighboring facets: f283 f257 f255
- f257
    - flags: bottom simplicial tested
    - normal:   -0.3386   0.6648  -0.6659
    - offset: -0.02530316
    - center: -0.01733566634356976 0.04528866832455 0.01603100060287943 
    - vertices: p62(v61) p86(v27) p294(v15)
    - neighboring facets: f276 f258 f256
- f258
    - flags: top simplicial tested seen
    - normal:   -0.3387   0.6648  -0.6659
    - offset: -0.02530383
    - center: -0.02849299957354863 0.0546280009051164 0.03103033453226089 
    - vertices: p62(v61) p389(v48) p294(v15)
    - neighboring facets: f264 f257 f505
    - ridges:
- f262
    - flags: top simplicial tested seen
    - normal:   -0.6648   0.3387  -0.6659
    - offset: -0.02530263
    - center: -0.05488766605655352 0.02595799975097179 0.03000066785875788 
    - vertices: p133(v62) p92(v29) p95(v7)
    - neighboring facets: f112 f263 f508
    - ridges:
- f263
    - flags: bottom simplicial tested
    - normal:   -0.6647   0.3388  -0.6659
    - offset: -0.02530192
    - center: -0.04217566673954328 0.02627166671057542 0.01746966720361343 
    - vertices: p133(v62) p134(v47) p95(v7)
    - neighboring facets: f286 f262 f399
- f264
    - flags: bottom simplicial
    - normal:   -0.3389   0.6647  -0.6659
    - offset: -0.02530327
    - center: -0.02885099997123082 0.04197833314538002 0.01858400056759516 
    - vertices: p430(v63) p389(v48) p294(v15)
    - neighboring facets: f258 f278 f321
- f269
    - flags: top simplicial tested seen
    - normal:  0.005328 0.002715       -1
    - offset: -0.0002008256
    - center: 0.02920766609410445 0.01689566671848297 6.666666649834993e-07 
    - vertices: p47(v64) p288(v50) p427(v26)
    - neighboring facets: f497 f538 f325
    - ridges:
- f270
    - flags: top simplicial tested seen
    - normal:  0.005876 0.0009306       -1
    - offset: -0.0001997788
    - center: 0.03355799987912178 0.003505999983228018 6.666666649834842e-07 
    - vertices: p47(v64) p21(v41) p42(v8)
    - neighboring facets: f421 f327 f532
    - ridges:
- f274
    - flags: bottom simplicial tested seen
    - normal:  -0.005937 0.0009403       -1
    - offset: -0.0002018845
    - center: -0.03299866616725922 0.00704299990987541 6.666666649835103e-07 
    - vertices: p154(v65) p151(v37) p95(v7)
    - neighboring facets: f143 f275 f539
    - ridges:
- f275
    - flags: top simplicial tested seen
    - normal:  -0.005377  0.00274       -1
    - offset: -0.0002026731
    - center: -0.03155633248388767 0.01228733298679193 6.666666649834958e-07 
    - vertices: p154(v65) p571(v52) p95(v7)
    - neighboring facets: f332 f274 f535
    - ridges:
- f276
    - flags: top simplicial
    - normal:   -0.3386   0.6648  -0.6659
    - offset: -0.02530295
    - center: -0.01484733323256174 0.03153233354290327 0.00103166667349797 
    - vertices: p292(v66) p86(v27) p294(v15)
    - neighboring facets: f257 f278 f284
- f278
    - flags: bottom simplicial
    - normal:    -0.339   0.6645   -0.666
    - offset: -0.02529955
    - vertices: p292(v66) p430(v63) p294(v15)
    - neighboring facets: f264 f276 f331
- f283
    - flags: top simplicial tested
    - normal:  -0.0009472 0.005979       -1
    - offset: -0.0002033314
    - center: -0.007038999739468939 0.03311333432793617 1.333333329967001e-06 
    - vertices: p216(v67) p61(v43) p86(v27)
    - neighboring facets: f256 f284 f336
- f284
    - flags: bottom simplicial tested
    - normal:  -0.002746 0.005391       -1
    - offset: -0.0002032057
    - center: -0.01227633313586315 0.03168700014551481 1.333333329967006e-06 
    - vertices: p216(v67) p292(v66) p86(v27)
    - neighboring facets: f276 f283 f339
- f286
    - flags: top simplicial
    - normal:   -0.6647   0.3388  -0.6659
    - offset: -0.02530126
    - vertices: p323(v68) p134(v47) p95(v7)
    - neighboring facets: f263 f333 f329
- f290
    - flags: top simplicial tested
    - normal:   -0.6647  -0.3387  -0.6659
    - offset: -0.02530167
    - center: -0.04037133355935415 -0.0249586667244633 0.01500133392937641 
    - vertices: p115(v69) p93(v53) p114(v35)
    - neighboring facets: f219 f293 f370
- f293
    - flags: top simplicial tested seen
    - normal:   -0.5275  -0.5276  -0.6659
    - offset: -0.0253015
    - center: -0.04417966678738594 -0.04164699961741766 0.03000066785875788 
    - vertices: p115(v69) p114(v35) p383(v22)
    - neighboring facets: f465 f294 f290
    - ridges:
- f294
    - flags: top simplicial tested
    - normal:   -0.5275  -0.5276  -0.6659
    - offset: -0.02530119
    - center: -0.03068166660765807 -0.03621266658107439 0.01500133392937641 
    - vertices: p115(v69) p383(v22) p380(v13)
    - neighboring facets: f390 f341 f293
- f312
    - flags: bottom simplicial tested seen
    - normal:  0.0009218 -0.005817       -1
    - offset: -0.0001977562
    - center: 0.007039000049909798 -0.03299399962027868 6.666666649834902e-07 
    - vertices: p203(v73) p504(v72) p81(v58)
    - neighboring facets: f410 f353 f540
    - ridges:
- f320
    - flags: bottom simplicial tested
    - normal:   -0.5271   0.5272  -0.6665
    - offset: -0.02527363
    - center: -0.02742366679012775 0.03028233411411444 0.007719999955346189 
    - vertices: p193(v75) p430(v63) p134(v47)
    - neighboring facets: f330 f401 f321
- f321
    - flags: top simplicial tested
    - normal:   -0.5267   0.5282   -0.666
    - offset: -0.02530518
    - center: -0.03105366664628188 0.04246866703033447 0.02025100061049064 
    - vertices: p193(v75) p430(v63) p389(v48)
    - neighboring facets: f264 f365 f320
- f324
    - flags: bottom simplicial
    - normal:    0.6648   0.3387  -0.6659
    - offset: -0.02530341
    - vertices: p605(v76) p288(v50) p41(v31)
    - neighboring facets: f202 f326 f325
- f325
    - flags: bottom simplicial
    - normal:  0.005334 0.002717       -1
    - offset: -0.0002010392
    - vertices: p605(v76) p47(v64) p288(v50)
    - neighboring facets: f269 f324 f327
- f326
    - flags: bottom simplicial
    - normal:    0.7369   0.1167  -0.6659
    - offset: -0.02530326
    - vertices: p605(v76) p41(v31) p42(v8)
    - neighboring facets: f121 f327 f324
- f327
    - flags: top simplicial
    - normal:  0.005885 0.0009323       -1
    - offset: -0.0002000893
    - vertices: p605(v76) p47(v64) p42(v8)
    - neighboring facets: f270 f326 f325
- f328
    - flags: bottom simplicial
    - normal:  -0.004046 0.004084       -1
    - offset: -0.0001843296
    - center: -0.02510133323570092 0.02059466640154521 1.33333332996698e-06 
    - vertices: p564(v77) p292(v66) p571(v52)
    - neighboring facets: f338 f332 f331
- f329
    - flags: bottom simplicial
    - normal:   -0.6645   0.3389   -0.666
    - offset: -0.02529683
    - vertices: p564(v77) p323(v68) p134(v47)
    - neighboring facets: f286 f330 f333
- f330
    - flags: top simplicial
    - normal:   -0.4759   0.4797  -0.7372
    - offset: -0.02190351
    - vertices: p564(v77) p430(v63) p134(v47)
    - neighboring facets: f320 f329 f331
- f331
    - flags: top simplicial
    - normal:   -0.4752   0.4796  -0.7377
    - offset: -0.02188208
    - vertices: p564(v77) p292(v66) p430(v63)
    - neighboring facets: f278 f330 f328
- f332
    - flags: bottom simplicial
    - normal:  -0.005392 0.002749       -1
    - offset: -0.0002032597
    - vertices: p564(v77) p571(v52) p95(v7)
    - neighboring facets: f275 f333 f328
- f333
    - flags: top simplicial
    - normal:   -0.6646   0.3388   -0.666
    - offset: -0.02529807
    - vertices: p564(v77) p323(v68) p95(v7)
    - neighboring facets: f286 f332 f329
- f335
    - flags: bottom simplicial tested seen
    - normal:  0.0009446 0.005964       -1
    - offset: -0.0002028182
    - center: 0.003502000123262405 0.03356200084090233 6.666666649835307e-07 
    - vertices: p211(v78) p61(v43) p423(v16)
    - neighboring facets: f249 f542 f336
    - ridges:
- f336
    - flags: bottom simplicial tested seen
    - normal:  -0.0009465 0.005976       -1
    - offset: -0.000203204
    - center: -0.003502333226303259 0.03356200084090233 6.666666649834952e-07 
    - vertices: p211(v78) p216(v67) p61(v43)
    - neighboring facets: f283 f335 f536
    - ridges:
- f338
    - flags: top simplicial tested seen
    - normal:  -0.004038 0.004076       -1
    - offset: -0.0001839603
    - center: -0.02028299992283185 0.02520466595888138 6.666666649834996e-07 
    - vertices: p315(v79) p292(v66) p571(v52)
    - neighboring facets: f328 f543 f339
    - ridges:
- f339
    - flags: top simplicial tested seen
    - normal:  -0.002741 0.005378       -1
    - offset: -0.0002027314
    - center: -0.01389400009065866 0.03073899944623311 6.666666649834933e-07 
    - vertices: p315(v79) p216(v67) p292(v66)
    - neighboring facets: f284 f338 f531
    - ridges:
- f340
    - flags: bottom simplicial tested seen
    - normal:  -0.004192 -0.004193       -1
    - offset: -0.0001990944
    - center: -0.02255766652524471 -0.02508666676779588 6.666666649834607e-07 
    - vertices: p181(v80) p329(v54) p380(v13)
    - neighboring facets: f393 f341 f544
    - ridges:
- f341
    - flags: top simplicial tested
    - normal:  -0.004193 -0.004193       -1
    - offset: -0.0001990986
    - center: -0.02515633342166742 -0.02264733364184697 1.333333329966964e-06 
    - vertices: p181(v80) p115(v69) p380(v13)
    - neighboring facets: f294 f340 f371
- f352
    - flags: top simplicial tested seen
    - normal:   -0.1167  -0.7369  -0.6659
    - offset: -0.02530178
    - center: -0.007724666507404738 -0.0602216658492883 0.03000066785875788 
    - vertices: p75(v82) p74(v71) p73(v57)
    - neighboring facets: f528 f356 f388
    - ridges:
- f353
    - flags: bottom simplicial tested
    - normal:  0.0009229 -0.005825       -1
    - offset: -0.0001980329
    - center: 0.003537333259979884 -0.03366333370407423 1.333333329966989e-06 
    - vertices: p75(v82) p203(v73) p81(v58)
    - neighboring facets: f312 f357 f391
- f356
    - flags: top simplicial tested seen
    - normal:    0.1167  -0.7369  -0.6659
    - offset:  -0.025302
    - center: 0.007726333254216417 -0.0602216658492883 0.03000066785875788 
    - vertices: p75(v82) p73(v57) p76(v39)
    - neighboring facets: f492 f357 f352
    - ridges:
- f357
    - flags: bottom simplicial tested
    - normal:    0.1167  -0.7369  -0.6659
    - offset: -0.02530179
    - center: 0.01126333318086381 -0.04610766718784968 0.01500133392937642 
    - vertices: p75(v82) p81(v58) p76(v39)
    - neighboring facets: f397 f356 f353
- f364
    - flags: bottom simplicial tested seen
    - normal:   -0.5275   0.5276  -0.6659
    - offset:  -0.025303
    - center: -0.04560866703589758 0.04422166633109251 0.03317100120087465 
    - vertices: p387(v84) p133(v62) p389(v48)
    - neighboring facets: f512 f365 f400
    - ridges:
- f365
    - flags: top simplicial tested
    - normal:   -0.5275   0.5276  -0.6659
    - offset: -0.02530294
    - center: -0.03365933336317539 0.04064266694088777 0.02086833398789167 
    - vertices: p387(v84) p193(v75) p389(v48)
    - neighboring facets: f321 f364 f402
- f369
    - flags: bottom simplicial tested seen
    - normal:  -0.005912 -0.0009364       -1
    - offset: -0.0002010235
    - center: -0.03299866616725922 -0.007035333443127456 6.66666664983502e-07 
    - vertices: p152(v85) p93(v53) p151(v37)
    - neighboring facets: f217 f545 f370
    - ridges:
- f370
    - flags: bottom simplicial tested
    - normal:  -0.005311 -0.002706       -1
    - offset: -0.0002001749
    - center: -0.03092499946554502 -0.01376466701428095 1.333333329966961e-06 
    - vertices: p152(v85) p115(v69) p93(v53)
    - neighboring facets: f290 f369 f371
- f371
    - flags: bottom simplicial tested seen
    - normal:  -0.005306 -0.002704       -1
    - offset: -0.000199956
    - center: -0.02920799950758616 -0.01688766696800788 6.666666649834956e-07 
    - vertices: p152(v85) p181(v80) p115(v69)
    - neighboring facets: f341 f370 f534
    - ridges:
- f379
    - flags: bottom simplicial tested
    - normal:  0.003995 -0.003958       -1
    - offset: -0.0001802608
    - center: 0.02528433377544085 -0.0203640004619956 1.333333329967005e-06 
    - vertices: p304(v87) p474(v86) p491(v81)
    - neighboring facets: f405 f386 f409
- f382
    - flags: top simplicial tested seen
    - normal:    0.6648  -0.3387  -0.6659
    - offset: -0.02530323
    - center: 0.05512933433055878 -0.03050299920141697 0.03255366782347361 
    - vertices: p461(v88) p486(v55) p38(v14)
    - neighboring facets: f467 f383 f413
    - ridges:
- f383
    - flags: bottom simplicial tested
    - normal:    0.6648  -0.3387  -0.6659
    - offset: -0.02530309
    - center: 0.044923668106397 -0.02104599960148335 0.01755433389409215 
    - vertices: p461(v88) p491(v81) p38(v14)
    - neighboring facets: f407 f382 f386
- f386
    - flags: bottom simplicial tested
    - normal:    0.4796  -0.4752  -0.7377
    - offset: -0.02188107
    - center: 0.02647500050564607 -0.02329433336853981 0.002554999964710683 
    - vertices: p461(v88) p304(v87) p491(v81)
    - neighboring facets: f379 f383 f387
- f387
    - flags: top simplicial tested
    - normal:    0.4796  -0.4759  -0.7372
    - offset: -0.02190414
    - center: 0.02449433381358783 -0.02912133311231931 0.005023333238947695 
    - vertices: p461(v88) p304(v87) p419(v83)
    - neighboring facets: f396 f415 f386
- f388
    - flags: bottom simplicial tested
    - normal:   -0.1167  -0.7369  -0.6659
    - offset: -0.02530164
    - center: -0.0112619996872354 -0.04610766718784968 0.01500133392937642 
    - vertices: p82(v89) p75(v82) p74(v71)
    - neighboring facets: f352 f389 f391
- f389
    - flags: bottom simplicial tested seen
    - normal:   -0.3387  -0.6648  -0.6659
    - offset: -0.02530158
    - center: -0.02595666609704494 -0.0548866664369901 0.03000066785875788 
    - vertices: p82(v89) p74(v71) p383(v22)
    - neighboring facets: f524 f390 f388
    - ridges:
- f390
    - flags: bottom simplicial tested
    - normal:   -0.3387  -0.6647  -0.6659
    - offset: -0.02530146
    - center: -0.02495866641402244 -0.04037066673239072 0.01500133392937642 
    - vertices: p82(v89) p383(v22) p380(v13)
    - neighboring facets: f294 f393 f389
- f391
    - flags: top simplicial tested
    - normal:  -0.0009245 -0.005836       -1
    - offset: -0.0001984009
    - center: -0.003536999846498171 -0.03366333370407423 1.333333329966984e-06 
    - vertices: p82(v89) p75(v82) p203(v73)
    - neighboring facets: f353 f418 f388
- f393
    - flags: top simplicial tested
    - normal:  -0.002683 -0.005265       -1
    - offset: -0.0001983893
    - center: -0.01692566648125648 -0.0293126671264569 1.333333329967013e-06 
    - vertices: p82(v89) p329(v54) p380(v13)
    - neighboring facets: f340 f390 f417
- f394
    - flags: bottom simplicial tested seen
    - normal:    0.3387  -0.6648  -0.6659
    - offset: -0.02530298
    - center: 0.02964499965310097 -0.05497066552440326 0.03195966780185699 
    - vertices: p418(v90) p417(v70) p76(v39)
    - neighboring facets: f516 f397 f395
    - ridges:
- f395
    - flags: bottom simplicial tested
    - normal:    0.3389  -0.6646  -0.6659
    - offset: -0.02530301
    - center: 0.02995866661270459 -0.042258998999993 0.01942866714671254 
    - vertices: p418(v90) p419(v83) p417(v70)
    - neighboring facets: f414 f394 f396
- f396
    - flags: bottom simplicial tested
    - normal:    0.3391  -0.6643  -0.6661
    - offset: -0.02529437
    - center: 0.02059166692197323 -0.03200733289122581 0.004429333217331076 
    - vertices: p418(v90) p304(v87) p419(v83)
    - neighboring facets: f387 f395 f398
- f397
    - flags: top simplicial tested
    - normal:    0.3386  -0.6648  -0.6659
    - offset: -0.02530215
    - center: 0.01848733300964038 -0.04563133294383685 0.01696033387247553 
    - vertices: p418(v90) p81(v58) p76(v39)
    - neighboring facets: f357 f394 f398
- f398
    - flags: top simplicial tested
    - normal:    0.3387  -0.6647  -0.6659
    - offset: -0.0253006
    - center: 0.01608966663479805 -0.03182866672674815 0.001960999943094064 
    - vertices: p418(v90) p304(v87) p81(v58)
    - neighboring facets: f411 f397 f396
- f399
    - flags: top simplicial
    - normal:   -0.5277   0.5273  -0.6659
    - offset: -0.02530296
    - vertices: p483(v91) p133(v62) p134(v47)
    - neighboring facets: f263 f401 f400
- f400
    - flags: top simplicial
    - normal:   -0.5276   0.5275  -0.6659
    - offset: -0.02530265
    - vertices: p483(v91) p387(v84) p133(v62)
    - neighboring facets: f364 f399 f402
- f401
    - flags: bottom simplicial
    - normal:   -0.5274   0.5274   -0.666
    - offset: -0.02529494
    - vertices: p483(v91) p193(v75) p134(v47)
    - neighboring facets: f320 f399 f402
- f402
    - flags: bottom simplicial
    - normal:   -0.5275   0.5275   -0.666
    - offset: -0.02529858
    - vertices: p483(v91) p387(v84) p193(v75)
    - neighboring facets: f365 f401 f400
- f405
    - flags: top simplicial tested
    - normal:  0.005272 -0.002685       -1
    - offset: -0.0001986642
    - center: 0.03084266744554043 -0.01392733367780844 1.333333329966973e-06 
    - vertices: p492(v92) p474(v86) p491(v81)
    - neighboring facets: f379 f407 f420
- f406
    - flags: top simplicial tested
    - normal:    0.7369  -0.1167  -0.6659
    - offset: -0.02530303
    - center: 0.04610966891050339 -0.01126133317071284 0.01500133392937641 
    - vertices: p492(v92) p38(v14) p42(v8)
    - neighboring facets: f40 f422 f407
- f407
    - flags: top simplicial tested
    - normal:    0.6648  -0.3386  -0.6659
    - offset: -0.02530281
    - center: 0.04468300193548203 -0.01649899998058875 0.01500133392937641 
    - vertices: p492(v92) p491(v81) p38(v14)
    - neighboring facets: f383 f406 f405
- f409
    - flags: top simplicial tested seen
    - normal:  0.003978 -0.003942       -1
    - offset: -0.0001795391
    - center: 0.02050800000627835 -0.02501600018392007 6.666666649835142e-07 
    - vertices: p505(v93) p304(v87) p474(v86)
    - neighboring facets: f379 f541 f411
    - ridges:
- f410
    - flags: top simplicial tested seen
    - normal:  0.002674 -0.005249       -1
    - offset: -0.0001978019
    - center: 0.0122829998532931 -0.03155166655778885 6.66666664983485e-07 
    - vertices: p505(v93) p504(v72) p81(v58)
    - neighboring facets: f312 f411 f547
    - ridges:
- f411
    - flags: bottom simplicial tested
    - normal:  0.002675 -0.005251       -1
    - offset: -0.0001978569
    - center: 0.01410899994273981 -0.03074833378195763 1.333333329966982e-06 
    - vertices: p505(v93) p304(v87) p81(v58)
    - neighboring facets: f398 f410 f409
- f412
    - flags: top simplicial tested seen
    - normal:    0.5276  -0.5276  -0.6659
    - offset: -0.02530331
    - center: 0.04422166633109252 -0.04560833300153415 0.03317100120087464 
    - vertices: p386(v94) p417(v70) p486(v55)
    - neighboring facets: f520 f413 f414
    - ridges:
- f413
    - flags: bottom simplicial tested
    - normal:    0.5276  -0.5275  -0.6659
    - offset: -0.02530296
    - center: 0.04065366648137569 -0.03346699972947439 0.02072466723620892 
    - vertices: p386(v94) p461(v88) p486(v55)
    - neighboring facets: f382 f412 f415
- f414
    - flags: top simplicial tested
    - normal:    0.5275  -0.5276  -0.6659
    - offset: -0.02530288
    - center: 0.03203533341487248 -0.04197833314538001 0.0206400005457302 
    - vertices: p386(v94) p419(v83) p417(v70)
    - neighboring facets: f395 f412 f415
- f415
    - flags: top simplicial tested
    - normal:    0.5275  -0.5275   -0.666
    - offset: -0.02529791
    - center: 0.02846733356515567 -0.02983699987332026 0.008193666581064464 
    - vertices: p386(v94) p461(v88) p419(v83)
    - neighboring facets: f387 f414 f413
- f417
    - flags: bottom simplicial tested seen
    - normal:  -0.002682 -0.005263       -1
    - offset: -0.0001983349
    - center: -0.01370066621651252 -0.0308293333897988 6.666666649835117e-07 
    - vertices: p259(v95) p82(v89) p329(v54)
    - neighboring facets: f393 f548 f418
    - ridges:
- f418
    - flags: top simplicial tested seen
    - normal:  -0.0009228 -0.005823       -1
    - offset: -0.0001979396
    - center: -0.007039666406133922 -0.03299399962027868 6.666666649835051e-07 
    - vertices: p259(v95) p82(v89) p203(v73)
    - neighboring facets: f391 f546 f417
    - ridges:
- f420
    - flags: bottom simplicial tested seen
    - normal:   0.00527 -0.002684       -1
    - offset: -0.0001985811
    - center: 0.03160099995632967 -0.01219033356755972 6.666666649835018e-07 
    - vertices: p22(v96) p492(v92) p474(v86)
    - neighboring facets: f405 f541 f422
    - ridges:
- f421
    - flags: bottom simplicial tested seen
    - normal:  0.005854 -0.0009272       -1
    - offset: -0.0001990286
    - center: 0.03355799987912178 -0.003498333366337647 6.666666649834957e-07 
    - vertices: p22(v96) p21(v41) p42(v8)
    - neighboring facets: f270 f422 f532
    - ridges:
- f422
    - flags: top simplicial tested
    - normal:   0.00586 -0.0009284       -1
    - offset: -0.0001992431
    - center: 0.0331113338470459 -0.007036666776419527 1.333333329966981e-06 
    - vertices: p22(v96) p492(v92) p42(v8)
    - neighboring facets: f406 f421 f420
- f424
    - flags: bottom simplicial tricoplanar keepcentrum
    - owner of normal & centrum is facet f424
    - normal:    0.9877  -0.1564        0
    - offset: -0.07407732
    - center: 0.07316550239920616 -0.01158699964088328 0.06150000169873238 
    - vertices: p40(v32) p38(v14) p39(v1)
    - neighboring facets: f40 f428 f425
- f425
    - flags: top simplicial tricoplanar seen
    - owner of normal & centrum is facet f424
    - normal:    0.9877  -0.1564        0
    - offset: -0.07407732
    - center: 0.07316550239920616 -0.01158699964088328 0.06150000169873238 
    - vertices: p40(v32) p38(v14) p29(v11)
    - neighboring facets: f467 f481 f424
- f428
    - flags: top simplicial tricoplanar keepcentrum
    - owner of normal & centrum is facet f428
    - normal:    0.9877   0.1564       -0
    - offset: -0.07407763
    - center: 0.07316550239920616 0.01158899988132589 0.06150000169873238 
    - vertices: p40(v32) p41(v31) p39(v1)
    - neighboring facets: f121 f424 f429
- f429
    - flags: bottom simplicial tricoplanar seen
    - owner of normal & centrum is facet f428
    - normal:    0.9877   0.1564       -0
    - offset: -0.07407763
    - center: 0.07316550239920616 0.01158899988132589 0.06150000169873238 
    - vertices: p40(v32) p41(v31) p51(v20)
    - neighboring facets: f435 f477 f428
- f432
    - flags: bottom simplicial tricoplanar seen keepcentrum
    - owner of normal & centrum is facet f432
    - normal:    0.7071   0.7071       -0
    - offset: -0.07407792
    - center: 0.05238099955022335 0.05238099955022335 0.06150000169873238 
    - vertices: p466(v33) p284(v10) p121(v6)
    - neighboring facets: f443 f482 f433
- f433
    - flags: bottom simplicial tricoplanar seen
    - owner of normal & centrum is facet f432
    - normal:    0.7071   0.7071       -0
    - offset: -0.07407792
    - center: 0.05238099955022335 0.05238099955022335 0.06150000169873238 
    - vertices: p466(v33) p287(v19) p284(v10)
    - neighboring facets: f459 f432 f437
- f435
    - flags: top simplicial tricoplanar keepcentrum
    - owner of normal & centrum is facet f435
    - normal:     0.891    0.454       -0
    - offset: -0.0740777
    - center: 0.06600350141525269 0.03363099973648787 0.06150000169873238 
    - vertices: p466(v33) p41(v31) p51(v20)
    - neighboring facets: f429 f478 f437
- f437
    - flags: bottom simplicial tricoplanar
    - owner of normal & centrum is facet f435
    - normal:     0.891    0.454       -0
    - offset: -0.0740777
    - center: 0.06600350141525269 0.03363099973648787 0.06150000169873238 
    - vertices: p466(v33) p41(v31) p287(v19)
    - neighboring facets: f202 f433 f435
- f439
    - flags: top simplicial tricoplanar seen keepcentrum
    - owner of normal & centrum is facet f439
    - normal:    -0.891   -0.454       -0
    - offset: -0.0740759
    - center: -0.06600249931216241 -0.0336289992555976 0.06150000169873238 
    - vertices: p114(v35) p96(v34) p14(v21)
    - neighboring facets: f474 f463 f440
- f440
    - flags: bottom simplicial tricoplanar seen
    - owner of normal & centrum is facet f439
    - normal:    -0.891   -0.454       -0
    - offset: -0.0740759
    - center: -0.06600249931216241 -0.0336289992555976 0.06150000169873238 
    - vertices: p114(v35) p96(v34) p91(v12)
    - neighboring facets: f452 f219 f439
- f443
    - flags: top simplicial tricoplanar keepcentrum
    - owner of normal & centrum is facet f443
    - normal:     0.454    0.891        0
    - offset: -0.0740777
    - center: 0.03363099973648787 0.06600350141525269 0.06150000169873238 
    - vertices: p56(v44) p284(v10) p121(v6)
    - neighboring facets: f432 f486 f445
- f445
    - flags: top simplicial tricoplanar
    - owner of normal & centrum is facet f443
    - normal:     0.454    0.891        0
    - offset: -0.0740777
    - center: 0.03363099973648787 0.06600350141525269 0.06150000169873238 
    - vertices: p56(v44) p60(v28) p284(v10)
    - neighboring facets: f168 f443 f449
- f448
    - flags: top simplicial tricoplanar seen keepcentrum
    - owner of normal & centrum is facet f448
    - normal:    0.1564   0.9877        0
    - offset: -0.07407763
    - center: 0.01158899988132589 0.07316550239920616 0.06150000169873238 
    - vertices: p56(v44) p58(v17) p57(v2)
    - neighboring facets: f500 f449 f476
- f449
    - flags: bottom simplicial tricoplanar
    - owner of normal & centrum is facet f448
    - normal:    0.1564   0.9877        0
    - offset: -0.07407763
    - center: 0.01158899988132589 0.07316550239920616 0.06150000169873238 
    - vertices: p56(v44) p60(v28) p57(v2)
    - neighboring facets: f174 f448 f445
- f451
    - flags: bottom simplicial tricoplanar seen keepcentrum
    - owner of normal & centrum is facet f451
    - normal:   -0.9877  -0.1564       -0
    - offset: -0.07407534
    - center: -0.07316349819302559 -0.01158699964088328 0.06150000169873238 
    - vertices: p90(v46) p96(v34) p89(v0)
    - neighboring facets: f483 f455 f452
- f452
    - flags: top simplicial tricoplanar
    - owner of normal & centrum is facet f451
    - normal:   -0.9877  -0.1564       -0
    - offset: -0.07407534
    - center: -0.07316349819302559 -0.01158699964088328 0.06150000169873238 
    - vertices: p90(v46) p96(v34) p91(v12)
    - neighboring facets: f440 f184 f451
- f455
    - flags: top simplicial tricoplanar seen keepcentrum
    - owner of normal & centrum is facet f455
    - normal:   -0.9877   0.1564       -0
    - offset: -0.07407565
    - center: -0.07316349819302559 0.01158899988132589 0.06150000169873238 
    - vertices: p90(v46) p98(v45) p89(v0)
    - neighboring facets: f487 f451 f457
- f457
    - flags: bottom simplicial tricoplanar seen
    - owner of normal & centrum is facet f455
    - normal:   -0.9877   0.1564       -0
    - offset: -0.07407565
    - center: -0.07316349819302559 0.01158899988132589 0.06150000169873238 
    - vertices: p90(v46) p98(v45) p92(v29)
    - neighboring facets: f508 f185 f455
- f459
    - flags: top simplicial tricoplanar keepcentrum
    - owner of normal & centrum is facet f459
    - normal:    0.5276   0.5276  -0.6659
    - offset: -0.02530388
    - center: 0.03818224975839257 0.03818224975839257 0.02250100089406715 
    - vertices: p288(v50) p287(v19) p284(v10)
    - neighboring facets: f433 f460 f202
- f460
    - flags: bottom simplicial tricoplanar
    - owner of normal & centrum is facet f459
    - normal:    0.5276   0.5276  -0.6659
    - offset: -0.02530388
    - center: 0.03818224975839257 0.03818224975839257 0.02250100089406715 
    - vertices: p288(v50) p283(v42) p284(v10)
    - neighboring facets: f168 f459 f495
- f463
    - flags: top simplicial tricoplanar keepcentrum
    - owner of normal & centrum is facet f463
    - normal:   -0.7071  -0.7071        0
    - offset: -0.07407545
    - center: -0.05237950012087821 -0.05237899906933307 0.06150000169873238 
    - vertices: p13(v51) p114(v35) p14(v21)
    - neighboring facets: f439 f488 f465
- f465
    - flags: bottom simplicial tricoplanar
    - owner of normal & centrum is facet f463
    - normal:   -0.7071  -0.7071        0
    - offset: -0.07407545
    - center: -0.05237950012087821 -0.05237899906933307 0.06150000169873238 
    - vertices: p13(v51) p114(v35) p383(v22)
    - neighboring facets: f293 f524 f463
- f467
    - flags: bottom simplicial tricoplanar keepcentrum
    - owner of normal & centrum is facet f467
    - normal:     0.891   -0.454       -0
    - offset: -0.0740768
    - center: 0.06600350141525269 -0.03362899925559759 0.06150000169873238 
    - vertices: p486(v55) p38(v14) p29(v11)
    - neighboring facets: f425 f468 f382
- f468
    - flags: top simplicial tricoplanar seen
    - owner of normal & centrum is facet f467
    - normal:     0.891   -0.454       -0
    - offset: -0.0740768
    - center: 0.06600350141525269 -0.03362899925559759 0.06150000169873238 
    - vertices: p486(v55) p549(v38) p29(v11)
    - neighboring facets: f485 f467 f520
- f471
    - flags: top simplicial tricoplanar seen keepcentrum
    - owner of normal & centrum is facet f471
    - normal:         0        0        1
    - offset:     -0.078
    - center: -0.003642110414426093 0.01466822311094044 0.07800000160932541 
    - vertices: p71(v56) p98(v45) p145(v18)
    - neighboring facets: f507 f472 f487
- f472
    - flags: bottom simplicial tricoplanar seen
    - owner of normal & centrum is facet f471
    - normal:         0        0        1
    - offset:     -0.078
    - center: -0.003642110414426093 0.01466822311094044 0.07800000160932541 
    - vertices: p71(v56) p400(v30) p145(v18)
    - neighboring facets: f511 f471 f480
- f473
    - flags: bottom simplicial tricoplanar seen
    - owner of normal & centrum is facet f471
    - normal:         0        0        1
    - offset:     -0.078
    - center: -0.003642110414426093 0.01466822311094044 0.07800000160932541 
    - vertices: p71(v56) p58(v17) p59(v9)
    - neighboring facets: f499 f480 f476
- f474
    - flags: bottom simplicial tricoplanar
    - owner of normal & centrum is facet f471
    - normal:         0        0        1
    - offset:     -0.078
    - center: -0.003642110414426093 0.01466822311094044 0.07800000160932541 
    - vertices: p71(v56) p96(v34) p14(v21)
    - neighboring facets: f439 f488 f483
- f475
    - flags: top simplicial tricoplanar seen
    - owner of normal & centrum is facet f471
    - normal:         0        0        1
    - offset:     -0.078
    - center: -0.003642110414426093 0.01466822311094044 0.07800000160932541 
    - vertices: p71(v56) p549(v38) p420(v24)
    - neighboring facets: f519 f515 f485
- f476
    - flags: bottom simplicial tricoplanar
    - owner of normal & centrum is facet f471
    - normal:         0        0        1
    - offset:     -0.078
    - center: -0.003642110414426093 0.01466822311094044 0.07800000160932541 
    - vertices: p71(v56) p56(v44) p58(v17)
    - neighboring facets: f448 f473 f486
- f477
    - flags: bottom simplicial tricoplanar
    - owner of normal & centrum is facet f471
    - normal:         0        0        1
    - offset:     -0.078
    - center: -0.003642110414426093 0.01466822311094044 0.07800000160932541 
    - vertices: p71(v56) p40(v32) p51(v20)
    - neighboring facets: f429 f478 f481
- f478
    - flags: top simplicial tricoplanar
    - owner of normal & centrum is facet f471
    - normal:         0        0        1
    - offset:     -0.078
    - center: -0.003642110414426093 0.01466822311094044 0.07800000160932541 
    - vertices: p71(v56) p466(v33) p51(v20)
    - neighboring facets: f435 f477 f482
- f479
    - flags: bottom simplicial tricoplanar seen
    - owner of normal & centrum is facet f471
    - normal:         0        0        1
    - offset:     -0.078
    - center: -0.003642110414426093 0.01466822311094044 0.07800000160932541 
    - vertices: p71(v56) p13(v51) p79(v36)
    - neighboring facets: f523 f484 f488
- f480
    - flags: top simplicial tricoplanar seen
    - owner of normal & centrum is facet f471
    - normal:         0        0        1
    - offset:     -0.078
    - center: -0.003642110414426093 0.01466822311094044 0.07800000160932541 
    - vertices: p71(v56) p400(v30) p59(v9)
    - neighboring facets: f503 f473 f472
- f481
    - flags: top simplicial tricoplanar
    - owner of normal & centrum is facet f471
    - normal:         0        0        1
    - offset:     -0.078
    - center: -0.003642110414426093 0.01466822311094044 0.07800000160932541 
    - vertices: p71(v56) p40(v32) p29(v11)
    - neighboring facets: f425 f485 f477
- f482
    - flags: bottom simplicial tricoplanar
    - owner of normal & centrum is facet f471
    - normal:         0        0        1
    - offset:     -0.078
    - center: -0.003642110414426093 0.01466822311094044 0.07800000160932541 
    - vertices: p71(v56) p466(v33) p121(v6)
    - neighboring facets: f432 f486 f478
- f483
    - flags: top simplicial tricoplanar
    - owner of normal & centrum is facet f471
    - normal:         0        0        1
    - offset:     -0.078
    - center: -0.003642110414426093 0.01466822311094044 0.07800000160932541 
    - vertices: p71(v56) p96(v34) p89(v0)
    - neighboring facets: f451 f487 f474
- f484
    - flags: bottom simplicial tricoplanar seen
    - owner of normal & centrum is facet f471
    - normal:         0        0        1
    - offset:     -0.078
    - center: -0.003642110414426093 0.01466822311094044 0.07800000160932541 
    - vertices: p71(v56) p79(v36) p72(v5)
    - neighboring facets: f527 f491 f479
- f485
    - flags: bottom simplicial tricoplanar
    - owner of normal & centrum is facet f471
    - normal:         0        0        1
    - offset:     -0.078
    - center: -0.003642110414426093 0.01466822311094044 0.07800000160932541 
    - vertices: p71(v56) p549(v38) p29(v11)
    - neighboring facets: f468 f481 f475
- f486
    - flags: top simplicial tricoplanar
    - owner of normal & centrum is facet f471
    - normal:         0        0        1
    - offset:     -0.078
    - center: -0.003642110414426093 0.01466822311094044 0.07800000160932541 
    - vertices: p71(v56) p56(v44) p121(v6)
    - neighboring facets: f443 f482 f476
- f487
    - flags: bottom simplicial tricoplanar
    - owner of normal & centrum is facet f471
    - normal:         0        0        1
    - offset:     -0.078
    - center: -0.003642110414426093 0.01466822311094044 0.07800000160932541 
    - vertices: p71(v56) p98(v45) p89(v0)
    - neighboring facets: f455 f483 f471
- f488
    - flags: top simplicial tricoplanar
    - owner of normal & centrum is facet f471
    - normal:         0        0        1
    - offset:     -0.078
    - center: -0.003642110414426093 0.01466822311094044 0.07800000160932541 
    - vertices: p71(v56) p13(v51) p14(v21)
    - neighboring facets: f463 f474 f479
- f491
    - flags: bottom simplicial tricoplanar keepcentrum
    - owner of normal & centrum is facet f491
    - normal:    0.1564  -0.9877        0
    - offset: -0.07407565
    - center: 0.01158899988132589 -0.07316349819302559 0.06150000169873238 
    - vertices: p73(v57) p71(v56) p72(v5)
    - neighboring facets: f484 f528 f492
- f492
    - flags: top simplicial tricoplanar seen
    - owner of normal & centrum is facet f491
    - normal:    0.1564  -0.9877        0
    - offset: -0.07407565
    - center: 0.01158899988132589 -0.07316349819302559 0.06150000169873238 
    - vertices: p73(v57) p71(v56) p76(v39)
    - neighboring facets: f516 f356 f491
- f495
    - flags: top simplicial tricoplanar keepcentrum
    - owner of normal & centrum is facet f495
    - normal:  0.004246 0.004246       -1
    - offset: -0.0002016781
    - center: 0.02386424969881773 0.02386725042015314 9.999999974752524e-07 
    - vertices: p422(v59) p288(v50) p283(v42)
    - neighboring facets: f460 f247 f497
- f497
    - flags: bottom simplicial tricoplanar
    - owner of normal & centrum is facet f495
    - normal:  0.004246 0.004246       -1
    - offset: -0.0002016781
    - center: 0.02386424969881773 0.02386725042015314 9.999999974752524e-07 
    - vertices: p422(v59) p288(v50) p427(v26)
    - neighboring facets: f269 f533 f495
- f499
    - flags: top simplicial tricoplanar keepcentrum
    - owner of normal & centrum is facet f499
    - normal:   -0.1564   0.9877        0
    - offset: -0.0740774
    - center: -0.01158749976110585 0.07316550239920616 0.06150000169873238 
    - vertices: p62(v61) p58(v17) p59(v9)
    - neighboring facets: f473 f503 f500
- f500
    - flags: bottom simplicial tricoplanar
    - owner of normal & centrum is facet f499
    - normal:   -0.1564   0.9877        0
    - offset: -0.0740774
    - center: -0.01158749976110585 0.07316550239920616 0.06150000169873238 
    - vertices: p62(v61) p58(v17) p57(v2)
    - neighboring facets: f448 f255 f499
- f503
    - flags: bottom simplicial tricoplanar keepcentrum
    - owner of normal & centrum is facet f503
    - normal:    -0.454    0.891       -0
    - offset: -0.07407702
    - center: -0.03362949937582016 0.06600350141525269 0.06150000169873238 
    - vertices: p62(v61) p400(v30) p59(v9)
    - neighboring facets: f480 f499 f505
- f505
    - flags: bottom simplicial tricoplanar seen
    - owner of normal & centrum is facet f503
    - normal:    -0.454    0.891       -0
    - offset: -0.07407702
    - center: -0.03362949937582016 0.06600350141525269 0.06150000169873238 
    - vertices: p62(v61) p389(v48) p400(v30)
    - neighboring facets: f512 f503 f258
- f507
    - flags: bottom simplicial tricoplanar keepcentrum
    - owner of normal & centrum is facet f507
    - normal:    -0.891    0.454        0
    - offset: -0.07407681
    - center: -0.06600249931216241 0.03363099973648787 0.06150000169873238 
    - vertices: p133(v62) p98(v45) p145(v18)
    - neighboring facets: f471 f511 f508
- f508
    - flags: top simplicial tricoplanar
    - owner of normal & centrum is facet f507
    - normal:    -0.891    0.454        0
    - offset: -0.07407681
    - center: -0.06600249931216241 0.03363099973648787 0.06150000169873238 
    - vertices: p133(v62) p98(v45) p92(v29)
    - neighboring facets: f457 f262 f507
- f511
    - flags: top simplicial tricoplanar keepcentrum
    - owner of normal & centrum is facet f511
    - normal:   -0.7071   0.7071        0
    - offset: -0.07407686
    - center: -0.05237950012087821 0.05238099955022334 0.06150000169873238 
    - vertices: p133(v62) p400(v30) p145(v18)
    - neighboring facets: f472 f507 f512
- f512
    - flags: top simplicial tricoplanar
    - owner of normal & centrum is facet f511
    - normal:   -0.7071   0.7071        0
    - offset: -0.07407686
    - center: -0.05237950012087821 0.05238099955022334 0.06150000169873238 
    - vertices: p133(v62) p389(v48) p400(v30)
    - neighboring facets: f505 f511 f364
- f515
    - flags: top simplicial tricoplanar keepcentrum
    - owner of normal & centrum is facet f515
    - normal:     0.454   -0.891       -0
    - offset: -0.07407592
    - center: 0.03363099973648787 -0.06600149907171726 0.06150000169873238 
    - vertices: p417(v70) p71(v56) p420(v24)
    - neighboring facets: f475 f519 f516
- f516
    - flags: bottom simplicial tricoplanar
    - owner of normal & centrum is facet f515
    - normal:     0.454   -0.891       -0
    - offset: -0.07407592
    - center: 0.03363099973648787 -0.06600149907171726 0.06150000169873238 
    - vertices: p417(v70) p71(v56) p76(v39)
    - neighboring facets: f492 f394 f515
- f519
    - flags: bottom simplicial tricoplanar keepcentrum
    - owner of normal & centrum is facet f519
    - normal:    0.7071  -0.7071       -0
    - offset: -0.07407651
    - center: 0.05238099955022336 -0.05237899906933308 0.06150000169873238 
    - vertices: p417(v70) p549(v38) p420(v24)
    - neighboring facets: f475 f515 f520
- f520
    - flags: bottom simplicial tricoplanar
    - owner of normal & centrum is facet f519
    - normal:    0.7071  -0.7071       -0
    - offset: -0.07407651
    - center: 0.05238099955022336 -0.05237899906933308 0.06150000169873238 
    - vertices: p417(v70) p486(v55) p549(v38)
    - neighboring facets: f468 f519 f412
- f523
    - flags: top simplicial tricoplanar keepcentrum
    - owner of normal & centrum is facet f523
    - normal:    -0.454   -0.891       -0
    - offset: -0.07407524
    - center: -0.03362949937582016 -0.06600149907171726 0.06150000169873238 
    - vertices: p74(v71) p13(v51) p79(v36)
    - neighboring facets: f479 f527 f524
- f524
    - flags: bottom simplicial tricoplanar
    - owner of normal & centrum is facet f523
    - normal:    -0.454   -0.891       -0
    - offset: -0.07407524
    - center: -0.03362949937582016 -0.06600149907171726 0.06150000169873238 
    - vertices: p74(v71) p13(v51) p383(v22)
    - neighboring facets: f465 f389 f523
- f527
    - flags: top simplicial tricoplanar keepcentrum
    - owner of normal & centrum is facet f527
    - normal:   -0.1564  -0.9877        0
    - offset: -0.07407542
    - center: -0.01158749976110585 -0.0731634981930256 0.06150000169873238 
    - vertices: p74(v71) p79(v36) p72(v5)
    - neighboring facets: f484 f528 f523
- f528
    - flags: bottom simplicial tricoplanar
    - owner of normal & centrum is facet f527
    - normal:   -0.1564  -0.9877        0
    - offset: -0.07407542
    - center: -0.01158749976110585 -0.0731634981930256 0.06150000169873238 
    - vertices: p74(v71) p73(v57) p72(v5)
    - neighboring facets: f491 f527 f352
- f531
    - flags: bottom simplicial tricoplanar keepcentrum
    - owner of normal & centrum is facet f531
    - normal:        -0        0       -1
    - offset:          0
    - center: 0.007460222062137391 0.008272000062586611      0 
    - vertices: p22(v96) p315(v79) p216(v67)
    - neighboring facets: f339 f536 f543
- f532
    - flags: bottom simplicial tricoplanar
    - owner of normal & centrum is facet f531
    - normal:        -0        0       -1
    - offset:          0
    - center: 0.007460222062137391 0.008272000062586611      0 
    - vertices: p22(v96) p47(v64) p21(v41)
    - neighboring facets: f270 f421 f538
- f533
    - flags: bottom simplicial tricoplanar
    - owner of normal & centrum is facet f531
    - normal:        -0        0       -1
    - offset:          0
    - center: 0.007460222062137391 0.008272000062586611      0 
    - vertices: p22(v96) p422(v59) p427(v26)
    - neighboring facets: f497 f538 f537
- f534
    - flags: top simplicial tricoplanar
    - owner of normal & centrum is facet f531
    - normal:        -0        0       -1
    - offset:          0
    - center: 0.007460222062137391 0.008272000062586611      0 
    - vertices: p22(v96) p152(v85) p181(v80)
    - neighboring facets: f371 f544 f545
- f535
    - flags: bottom simplicial tricoplanar
    - owner of normal & centrum is facet f531
    - normal:        -0        0       -1
    - offset:          0
    - center: 0.007460222062137391 0.008272000062586611      0 
    - vertices: p22(v96) p154(v65) p571(v52)
    - neighboring facets: f275 f543 f539
- f536
    - flags: top simplicial tricoplanar
    - owner of normal & centrum is facet f531
    - normal:        -0        0       -1
    - offset:          0
    - center: 0.007460222062137391 0.008272000062586611      0 
    - vertices: p22(v96) p211(v78) p216(v67)
    - neighboring facets: f336 f531 f542
- f537
    - flags: top simplicial tricoplanar
    - owner of normal & centrum is facet f531
    - normal:        -0        0       -1
    - offset:          0
    - center: 0.007460222062137391 0.008272000062586611      0 
    - vertices: p22(v96) p422(v59) p423(v16)
    - neighboring facets: f247 f542 f533
- f538
    - flags: top simplicial tricoplanar
    - owner of normal & centrum is facet f531
    - normal:        -0        0       -1
    - offset:          0
    - center: 0.007460222062137391 0.008272000062586611      0 
    - vertices: p22(v96) p47(v64) p427(v26)
    - neighboring facets: f269 f533 f532
- f539
    - flags: top simplicial tricoplanar
    - owner of normal & centrum is facet f531
    - normal:        -0        0       -1
    - offset:          0
    - center: 0.007460222062137391 0.008272000062586611      0 
    - vertices: p22(v96) p154(v65) p151(v37)
    - neighboring facets: f274 f545 f535
- f540
    - flags: top simplicial tricoplanar
    - owner of normal & centrum is facet f531
    - normal:        -0        0       -1
    - offset:          0
    - center: 0.007460222062137391 0.008272000062586611      0 
    - vertices: p22(v96) p203(v73) p504(v72)
    - neighboring facets: f312 f547 f546
- f541
    - flags: top simplicial tricoplanar
    - owner of normal & centrum is facet f531
    - normal:        -0        0       -1
    - offset:          0
    - center: 0.007460222062137391 0.008272000062586611      0 
    - vertices: p22(v96) p505(v93) p474(v86)
    - neighboring facets: f409 f420 f547
- f542
    - flags: bottom simplicial tricoplanar
    - owner of normal & centrum is facet f531
    - normal:        -0        0       -1
    - offset:          0
    - center: 0.007460222062137391 0.008272000062586611      0 
    - vertices: p22(v96) p211(v78) p423(v16)
    - neighboring facets: f335 f537 f536
- f543
    - flags: top simplicial tricoplanar
    - owner of normal & centrum is facet f531
    - normal:        -0        0       -1
    - offset:          0
    - center: 0.007460222062137391 0.008272000062586611      0 
    - vertices: p22(v96) p315(v79) p571(v52)
    - neighboring facets: f338 f535 f531
- f544
    - flags: top simplicial tricoplanar
    - owner of normal & centrum is facet f531
    - normal:        -0        0       -1
    - offset:          0
    - center: 0.007460222062137391 0.008272000062586611      0 
    - vertices: p22(v96) p181(v80) p329(v54)
    - neighboring facets: f340 f548 f534
- f545
    - flags: bottom simplicial tricoplanar
    - owner of normal & centrum is facet f531
    - normal:        -0        0       -1
    - offset:          0
    - center: 0.007460222062137391 0.008272000062586611      0 
    - vertices: p22(v96) p152(v85) p151(v37)
    - neighboring facets: f369 f539 f534
- f546
    - flags: top simplicial tricoplanar
    - owner of normal & centrum is facet f531
    - normal:        -0        0       -1
    - offset:          0
    - center: 0.007460222062137391 0.008272000062586611      0 
    - vertices: p22(v96) p259(v95) p203(v73)
    - neighboring facets: f418 f540 f548
- f547
    - flags: bottom simplicial tricoplanar
    - owner of normal & centrum is facet f531
    - normal:        -0        0       -1
    - offset:          0
    - center: 0.007460222062137391 0.008272000062586611      0 
    - vertices: p22(v96) p505(v93) p504(v72)
    - neighboring facets: f410 f540 f541
- f548
    - flags: bottom simplicial tricoplanar
    - owner of normal & centrum is facet f531
    - normal:        -0        0       -1
    - offset:          0
    - center: 0.007460222062137391 0.008272000062586611      0 
    - vertices: p22(v96) p259(v95) p329(v54)
    - neighboring facets: f417 f544 f546
